set title 'Price and EMA' font ',18'
set 	terminal wxt size 1300,600
set 	style line 5 lt rgb 'cyan' lw 3 pt 6
plot '-' lw 0.5 lc rgb 'blue' with lines, '-' lw 0.5 lc rgb 'red' with lines
0 0.5168
1 0.46380000000000005
2 0.3486
3 0.374
4 0.3415
5 0.37570000000000003
6 0.37220000000000003
7 0.34900000000000003
8 0.41300000000000003
9 0.4131
10 0.41100000000000003
11 0.40900000000000003
12 0.3774
13 0.3819
14 0.3539
15 0.3598
16 0.35650000000000004
17 0.33690000000000003
18 0.3423
19 0.32730000000000004
20 0.2873
21 0.3062
22 0.269
23 0.29410000000000003
24 0.3174
25 0.32530000000000003
26 0.3209
27 0.327
28 0.3392
29 0.34690000000000004
30 0.335
31 0.3158
32 0.3154
33 0.312
34 0.3184
35 0.2859
36 0.3063
37 0.30870000000000003
38 0.3286
39 0.3262
40 0.33190000000000003
41 0.34450000000000003
42 0.3428
43 0.3277
44 0.3148
45 0.30010000000000003
46 0.3136
47 0.3155
48 0.3033
49 0.2866
50 0.3012
51 0.316
52 0.3093
53 0.3078
54 0.30210000000000004
55 0.2907
56 0.2878
57 0.2763
58 0.2569
59 0.2539
60 0.24880000000000002
61 0.2589
62 0.247
63 0.23370000000000002
64 0.2383
65 0.24810000000000001
66 0.2767
67 0.2579
68 0.2667
69 0.2605
70 0.2889
71 0.2785
72 0.2665
73 0.2802
74 0.2661
75 0.2569
76 0.2711
77 0.27440000000000003
78 0.26730000000000004
79 0.26530000000000004
80 0.2846
81 0.317
82 0.298
83 0.3357
84 0.35760000000000003
85 0.34290000000000004
86 0.30160000000000003
87 0.3002
88 0.31270000000000003
89 0.3171
90 0.3289
91 0.30820000000000003
92 0.3411
93 0.34040000000000004
94 0.3257
95 0.3431
96 0.3367
97 0.3311
98 0.30110000000000003
99 0.30560000000000004
100 0.2936
101 0.2887
102 0.30910000000000004
103 0.30920000000000003
104 0.3129
105 0.325
106 0.3396
107 0.33240000000000003
108 0.353
109 0.3556
110 0.3397
111 0.32480000000000003
112 0.3367
113 0.2891
114 0.31420000000000003
115 0.3088
116 0.3094
117 0.319
118 0.3578
119 0.3461
120 0.3355
121 0.33530000000000004
122 0.39780000000000004
123 0.40750000000000003
124 0.4253
125 0.44630000000000003
126 0.47940000000000005
127 0.5111
128 0.4611
129 0.455
130 0.4847
131 0.45780000000000004
132 0.4171
133 0.3991
134 0.4501
135 0.4559
136 0.4864
137 0.5183
138 0.5859
139 0.5668000000000001
140 0.5213
141 0.5472
142 0.461
143 0.5088
144 0.5561
145 0.5623
146 0.556
147 0.601
148 0.541
149 0.5586
150 0.6362
151 0.6653
152 0.6516000000000001
153 0.6442
154 0.6507000000000001
155 0.7454000000000001
156 0.7057
157 0.8338
158 0.8092
159 0.8448
160 1.0028
161 1.029
162 1.0312
163 1.238
164 1.7178
165 1.6716000000000002
166 1.4706000000000001
167 1.3558
168 1.3127
169 1.3662
170 1.3965
171 1.371
172 1.3101
173 1.3054999999999999
174 1.143
175 1.0051
176 1.06
177 0.9812000000000001
178 0.9725
179 1.0988
180 1.0218
181 1.0893
182 1.0825
183 1.1787
184 1.0895
185 1.0526
186 1.0493999999999999
187 1.1069
188 1.157
189 1.1808
190 1.1078000000000001
191 1.0838
192 1.0501
193 1.1392
194 1.1168
195 1.1943
196 1.2007
197 1.2886
198 1.2570000000000001
199 1.2493
200 1.2097
201 1.1794
202 1.1014
203 1.1102
204 1.0274
205 1.0424
206 1.1174
207 1.1597
208 1.2354
209 1.4019
210 1.3245
211 1.3667
212 1.3215
213 1.3589
214 1.2622
215 1.3094000000000001
216 1.4013
217 1.3984
218 1.3024
219 1.3508
220 1.3936
221 1.3901
222 1.5211999999999999
223 1.482
224 1.5156
225 1.4631
226 1.5686
227 1.5044
228 1.6998000000000002
229 1.4573
230 1.2923
231 1.2907
232 1.2104
233 1.1618
234 1.1667
235 1.0884
236 1.0939
237 1.2364
238 1.3097
239 1.288
240 1.3222
241 1.4029
242 1.3934
243 1.3877000000000002
244 1.4346
245 1.2742
246 1.4425
247 1.5444
248 1.5769000000000002
249 1.5182
250 1.5151
251 1.3707
252 1.474
253 1.2734
254 1.3526
255 1.4775
256 1.3888
257 1.3956
258 1.2842
259 1.365
260 0.9309000000000001
261 1.1089
262 0.9736
263 0.9739000000000001
264 0.8178000000000001
265 0.9811000000000001
266 0.9754
267 1.0237
268 0.9752000000000001
269 0.8999
270 0.8315
271 0.8491000000000001
272 0.9359000000000001
273 0.8952
274 1.0187
275 1.1113
276 1.0284
277 0.9763000000000001
278 1.0247
279 0.9633
280 0.9406
281 1.0415
282 1.0496
283 0.9732000000000001
284 0.991
285 1.0406
286 1.0552
287 1.0323
288 1.0178
289 1.0646
290 0.992
291 0.934
292 0.9339000000000001
293 0.7539
294 0.7436
295 0.8323
296 0.8743000000000001
297 0.7904
298 0.8094
299 0.8358
300 0.8426
301 0.8889
302 0.8833000000000001
303 0.834
304 0.8456
305 0.8764000000000001
306 0.88
307 0.8728
308 0.9132
309 0.9062
310 0.8683000000000001
311 0.9058
312 0.8918
313 0.8952
314 0.8675
315 0.8753000000000001
316 0.8587
317 0.8347
318 0.7842
319 0.7843
320 0.7981
321 0.7505000000000001
322 0.6961
323 0.7701
324 0.7961
325 0.8078000000000001
326 0.8262
327 0.8905000000000001
328 0.8476
329 0.8569
330 0.8481000000000001
331 0.8462000000000001
332 0.8529
333 0.8395
334 0.8117000000000001
335 0.8167000000000001
336 0.8187000000000001
337 0.8282
338 0.8507
339 0.8551000000000001
340 0.8755000000000001
341 0.8253
342 0.855
343 0.8829
344 0.9116000000000001
345 0.8841
346 0.9544
347 0.932
348 0.9951000000000001
349 0.9461
350 0.8835000000000001
351 0.9224
352 1.0441
353 1.1385
354 1.1488
355 1.157
356 1.1587
357 1.0368
358 1.0651
359 0.9887
360 1.065
361 1.0388
362 1.0217
363 1.0207
364 1.1134
365 1.1614
366 1.1421000000000001
367 1.2178
368 1.2079
369 1.3147
370 1.4579
371 1.2774
372 1.9163000000000001
373 2.3036
374 2.0126
375 1.9943
376 2.3793
377 2.1652
378 2.0396
379 2.015
380 2.0378
381 1.9236
382 2.0722
383 1.9729
384 1.6736
385 1.5763
386 1.8457
387 2.0031
388 1.7864
389 1.7309999999999999
390 1.775
391 1.6733
392 1.5649000000000002
393 1.6067
394 1.6273
395 1.7736
396 1.7692
397 1.9833
398 1.9394
399 1.951
400 1.8141
401 1.8902
402 1.8980000000000001
403 1.8927
404 1.7650000000000001
405 1.7158
406 1.7474
407 1.837
408 1.8106
409 1.7543000000000002
410 1.7983
411 1.7692
412 1.7368999999999999
413 1.7105000000000001
414 1.791
415 1.7845
416 1.8609
417 1.9076
418 1.8151000000000002
419 2.0496
420 2.0445
421 1.7948
422 1.8447
423 1.8756
424 1.8199
425 1.8284
426 1.8322
427 1.8647
428 1.9342000000000001
429 1.8587
430 1.8421
431 1.8362
432 1.8664
433 2.0468
434 1.9461
435 1.9321000000000002
436 2.02
437 2.1452
438 2.0743
439 1.9845000000000002
440 1.8911
441 1.7229
442 1.6588
443 1.8498999999999999
444 1.8780000000000001
445 1.8384
446 1.8281
447 1.7384
448 1.8357
449 1.7416
450 1.8214000000000001
451 1.6045
452 1.6742
453 1.7125
454 1.7725
455 1.8119
456 1.9609
457 1.8869
458 1.7468
459 1.6491
460 1.7650000000000001
461 1.7629000000000001
462 1.6852
463 1.7015
464 1.548
465 1.459
466 1.5279
467 1.5392000000000001
468 1.3223
469 1.3803
470 1.4262000000000001
471 1.3878
472 1.3468
473 1.3780999999999999
474 1.3556
475 1.2964
476 1.3573
477 1.3642
478 1.4698
479 1.5754000000000001
480 1.5751
481 1.6064
482 1.6625
483 1.4654
484 1.5827
485 1.7302
486 1.6591
487 1.7414
488 1.6734
489 1.7949000000000002
490 1.6724999999999999
491 1.5554000000000001
492 1.5633
493 1.4458
494 1.385
495 1.4004
496 1.3623
497 1.446
498 1.4991
499 1.3615
500 1.3817
501 1.3785
502 1.429
503 1.3413
504 1.3169
505 1.2655
506 1.1616
507 1.0307
508 0.9514
509 0.989
510 0.9125000000000001
511 0.9224
512 0.9231
513 0.9361
514 0.9584
515 0.969
516 0.9447000000000001
517 0.9499000000000001
518 0.9663
519 0.9227000000000001
520 0.9357000000000001
521 0.9973000000000001
522 1.0015
523 1.0247
524 1.07
525 1.0235
526 1.0363
527 0.9813000000000001
528 0.9161
529 0.9187000000000001
530 0.8965000000000001
531 0.8992
532 0.969
533 0.9779
534 0.8972
535 0.8941
536 0.8994000000000001
537 0.8451000000000001
538 0.7847000000000001
539 0.8107000000000001
540 0.785
541 0.7772
542 0.8301000000000001
543 0.8592000000000001
544 0.7978000000000001
545 0.8681000000000001
546 0.8565
547 0.8199000000000001
548 0.7966000000000001
549 0.7599
550 0.7735000000000001
551 0.7465
552 0.7279
553 0.7399
554 0.7671
555 0.7309
556 0.7014
557 0.7052
558 0.6807000000000001
559 0.7063
560 0.7159
561 0.7365
562 0.7418
563 0.7548
564 0.7649
565 0.7414000000000001
566 0.8276
567 0.8267
568 0.8388
569 0.8911
570 0.8887
571 0.9116000000000001
572 0.9493
573 0.9068
574 0.923
575 0.9266000000000001
576 0.9293
577 0.9391
578 0.9068
579 0.9353
580 0.8827
581 0.8345
582 0.7661
583 0.7993
584 0.7595000000000001
585 0.788
586 0.7503000000000001
587 0.6936
588 0.7258
589 0.7461
590 0.7267
591 0.7393000000000001
592 0.7432000000000001
593 0.7105
594 0.7365
595 0.7589
596 0.7415
597 0.7184
598 0.7191000000000001
599 0.7074
600 0.7011000000000001
601 0.7030000000000001
602 0.656
603 0.6712
604 0.6982
605 0.6381
606 0.5673
607 0.6016
608 0.6161
609 0.671
610 0.7157
611 0.634
612 0.6973
613 0.7487
614 0.7292000000000001
615 0.5746
616 0.5852
617 0.4504
618 0.4232
619 0.4435
620 0.4635
621 0.49060000000000004
622 0.46030000000000004
623 0.495
624 0.4334
625 0.4516
626 0.4335
627 0.435
628 0.44270000000000004
629 0.4171
630 0.41910000000000003
631 0.4057
632 0.3794
633 0.36060000000000003
634 0.3674
635 0.3788
636 0.42010000000000003
637 0.4113
638 0.385
639 0.3947
640 0.3811
641 0.38830000000000003
642 0.39180000000000004
643 0.4128
644 0.39890000000000003
645 0.41650000000000004
646 0.4042
647 0.3689
648 0.3506
649 0.32480000000000003
650 0.3039
651 0.30860000000000004
652 0.3402
653 0.302
654 0.31020000000000003
655 0.2959
656 0.3146
657 0.3186
658 0.3257
659 0.3138
660 0.3361
661 0.3497
662 0.35150000000000003
663 0.3321
664 0.3311
665 0.3126
666 0.3017
667 0.31470000000000004
668 0.30660000000000004
669 0.30760000000000004
670 0.30960000000000004
671 0.3196
672 0.3078
673 0.3108
674 0.3224
675 0.3141
676 0.3214
677 0.31010000000000004
678 0.297
679 0.2926
680 0.31
681 0.3296
682 0.3275
683 0.3405
684 0.3365
685 0.35950000000000004
686 0.372
687 0.3446
688 0.3492
689 0.3375
690 0.33480000000000004
691 0.3402
692 0.3119
693 0.3113
694 0.32880000000000004
695 0.3365
696 0.33690000000000003
697 0.3377
698 0.3361
699 0.3425
700 0.3266
701 0.3266
702 0.33630000000000004
703 0.35860000000000003
704 0.3491
705 0.3559
706 0.3629
707 0.3453
708 0.3642
709 0.36110000000000003
710 0.3652
711 0.3683
712 0.3639
713 0.35760000000000003
714 0.3527
715 0.3405
716 0.3336
717 0.3029
718 0.3002
719 0.3063
720 0.303
721 0.3075
722 0.3022
723 0.30710000000000004
724 0.2828
725 0.2888
726 0.28240000000000004
727 0.298
728 0.2916
729 0.28850000000000003
730 0.2936
731 0.3023
732 0.3032
733 0.3126
734 0.3045
735 0.2852
736 0.2989
737 0.30770000000000003
738 0.3244
739 0.3219
740 0.3266
741 0.3236
742 0.29650000000000004
743 0.303
744 0.2949
745 0.2979
746 0.311
747 0.293
748 0.3171
749 0.3297
750 0.3352
751 0.3699
752 0.3991
753 0.38530000000000003
754 0.38820000000000005
755 0.36860000000000004
756 0.3521
757 0.34940000000000004
758 0.3549
759 0.35350000000000004
760 0.3548
761 0.3543
762 0.3544
763 0.3577
764 0.3538
765 0.3491
766 0.3416
767 0.33480000000000004
768 0.33890000000000003
769 0.3194
770 0.3178
771 0.3135
772 0.3196
773 0.3174
774 0.3189
775 0.3225
776 0.3302
777 0.3194
778 0.30760000000000004
779 0.30660000000000004
780 0.3131
781 0.31370000000000003
782 0.3158
783 0.31470000000000004
784 0.3312
785 0.3391
786 0.32580000000000003
787 0.333
788 0.3396
789 0.3592
790 0.35860000000000003
791 0.36010000000000003
792 0.36160000000000003
793 0.36970000000000003
794 0.4152
795 0.4239
796 0.4025
797 0.4193
798 0.33340000000000003
799 0.2656
800 0.3209
801 0.3029
802 0.27390000000000003
803 0.262
804 0.2616
805 0.28140000000000004
806 0.2758
807 0.2677
808 0.2982
809 0.2982
810 0.25630000000000003
811 0.2447
812 0.2414
813 0.24730000000000002
814 0.2424
815 0.2437
816 0.2409
817 0.2403
818 0.2359
819 0.24080000000000001
820 0.2477
821 0.2409
822 0.2441
823 0.23750000000000002
824 0.2393
825 0.2364
826 0.23390000000000002
827 0.221
828 0.22440000000000002
829 0.2258
830 0.2268
831 0.2225
832 0.2184
833 0.22390000000000002
834 0.2207
835 0.2102
836 0.1849
837 0.1945
838 0.18810000000000002
839 0.17420000000000002
840 0.1787
841 0.1706
842 0.1719
843 0.1698
844 0.16770000000000002
845 0.1655
846 0.1715
847 0.1701
848 0.167
849 0.1648
850 0.1691
851 0.17250000000000001
852 0.1773
853 0.1809
854 0.18430000000000002
855 0.1869
856 0.1835
857 0.189
858 0.19390000000000002
859 0.1993
860 0.19970000000000002
861 0.20370000000000002
862 0.2102
863 0.2124
864 0.2207
865 0.22920000000000001
866 0.24050000000000002
867 0.2341
868 0.2283
869 0.2087
870 0.21710000000000002
871 0.23920000000000002
872 0.2388
873 0.24580000000000002
874 0.24960000000000002
875 0.2364
876 0.24430000000000002
877 0.2452
878 0.2545
879 0.25720000000000004
880 0.2616
881 0.2393
882 0.2414
883 0.2509
884 0.2551
885 0.271
886 0.2671
887 0.257
888 0.2546
889 0.2801
890 0.2899
891 0.2548
892 0.251
893 0.2566
894 0.2474
895 0.2432
896 0.2533
897 0.2722
898 0.2575
899 0.2712
900 0.27290000000000003
901 0.2777
902 0.28500000000000003
903 0.2788
904 0.27140000000000003
905 0.2685
906 0.2566
907 0.2505
908 0.2553
909 0.2548
910 0.2444
911 0.25070000000000003
912 0.242
913 0.2331
914 0.2245
915 0.2257
916 0.22510000000000002
917 0.2172
918 0.20170000000000002
919 0.19340000000000002
920 0.1883
921 0.1872
922 0.2011
923 0.2122
924 0.2222
925 0.2039
926 0.2084
927 0.22640000000000002
928 0.21450000000000002
929 0.2197
930 0.2094
931 0.223
932 0.2134
933 0.2194
934 0.2088
935 0.2063
936 0.21050000000000002
937 0.2
938 0.2018
939 0.2353
940 0.2247
941 0.226
942 0.22310000000000002
943 0.2139
944 0.21430000000000002
945 0.21780000000000002
946 0.22290000000000001
947 0.218
948 0.2189
949 0.216
950 0.2164
951 0.221
952 0.22
953 0.215
954 0.2212
955 0.2273
956 0.23140000000000002
957 0.23450000000000001
958 0.221
959 0.2223
960 0.1991
961 0.1905
962 0.18530000000000002
963 0.1898
964 0.18810000000000002
965 0.18530000000000002
966 0.1877
967 0.181
968 0.184
969 0.1836
970 0.1836
971 0.1801
972 0.1774
973 0.17880000000000001
974 0.181
975 0.177
976 0.1812
977 0.1752
978 0.17320000000000002
979 0.1641
980 0.16490000000000002
981 0.1688
982 0.1623
983 0.1647
984 0.1622
985 0.16290000000000002
986 0.16690000000000002
987 0.1693
988 0.17220000000000002
989 0.1651
990 0.1648
991 0.1645
992 0.16160000000000002
993 0.1612
994 0.1623
995 0.15430000000000002
996 0.1502
997 0.1499
998 0.1505
999 0.1531
1000 0.1515
1001 0.1514
1002 0.1477
1003 0.1482
1004 0.1516
1005 0.15080000000000002
1006 0.1517
1007 0.13770000000000002
1008 0.1373
1009 0.12490000000000001
1010 0.1233
1011 0.12380000000000001
1012 0.1109
1013 0.1107
1014 0.11270000000000001
1015 0.1129
1016 0.1129
1017 0.11220000000000001
1018 0.116
1019 0.1184
1020 0.115
1021 0.1165
1022 0.12140000000000001
1023 0.1258
1024 0.12480000000000001
1025 0.1351
1026 0.1328
1027 0.137
1028 0.12940000000000002
1029 0.1272
1030 0.11860000000000001
1031 0.12010000000000001
1032 0.1217
1033 0.128
1034 0.1236
1035 0.1283
1036 0.1241
1037 0.1198
1038 0.113
1039 0.11230000000000001
1040 0.1116
1041 0.1105
1042 0.11
1043 0.1087
1044 0.1058
1045 0.12190000000000001
1046 0.11330000000000001
1047 0.11370000000000001
1048 0.11570000000000001
1049 0.1203
1050 0.114
1051 0.11380000000000001
1052 0.11510000000000001
1053 0.1154
1054 0.1145
1055 0.1158
1056 0.10980000000000001
1057 0.11
1058 0.11080000000000001
1059 0.11
1060 0.1105
1061 0.1114
1062 0.1095
1063 0.10980000000000001
1064 0.1109
1065 0.10690000000000001
1066 0.1063
1067 0.106
1068 0.10650000000000001
1069 0.10980000000000001
1070 0.112
1071 0.11320000000000001
1072 0.113
1073 0.1125
1074 0.11230000000000001
1075 0.11570000000000001
1076 0.1169
1077 0.115
1078 0.10830000000000001
1079 0.1028
1080 0.093
1081 0.0954
1082 0.09670000000000001
1083 0.09720000000000001
1084 0.09630000000000001
1085 0.09730000000000001
1086 0.09870000000000001
1087 0.0975
1088 0.09680000000000001
1089 0.0954
1090 0.09530000000000001
1091 0.09730000000000001
1092 0.10060000000000001
1093 0.0969
1094 0.0931
1095 0.0921
1096 0.0944
1097 0.0945
1098 0.094
1099 0.0942
1100 0.0942
1101 0.0979
1102 0.09630000000000001
1103 0.0941
1104 0.0921
1105 0.0887
1106 0.08950000000000001
1107 0.09090000000000001
1108 0.09340000000000001
1109 0.0964
1110 0.0976
1111 0.095
1112 0.0964
1113 0.09720000000000001
1114 0.1003
1115 0.09730000000000001
1116 0.10200000000000001
1117 0.10060000000000001
1118 0.1012
1119 0.09770000000000001
1120 0.0955
1121 0.09570000000000001
1122 0.0975
1123 0.1015
1124 0.1033
1125 0.1063
1126 0.1013
1127 0.1012
1128 0.0993
1129 0.10020000000000001
1130 0.10070000000000001
1131 0.1
1132 0.1013
1133 0.0965
1134 0.0951
1135 0.0951
1136 0.0936
1137 0.0951
1138 0.09530000000000001
1139 0.09430000000000001
1140 0.09480000000000001
1141 0.09140000000000001
1142 0.08990000000000001
1143 0.0897
1144 0.0913
1145 0.0942
1146 0.09430000000000001
1147 0.0983
1148 0.1008
1149 0.1009
1150 0.1012
1151 0.09920000000000001
1152 0.1017
1153 0.10650000000000001
1154 0.1121
1155 0.10930000000000001
1156 0.1144
1157 0.11130000000000001
1158 0.1115
1159 0.1149
1160 0.1212
1161 0.1291
1162 0.12350000000000001
1163 0.127
1164 0.12380000000000001
1165 0.128
1166 0.1335
1167 0.1461
1168 0.1333
1169 0.1291
1170 0.1422
1171 0.13570000000000002
1172 0.136
1173 0.1345
1174 0.1406
1175 0.1414
1176 0.12340000000000001
1177 0.1323
1178 0.1306
1179 0.1335
1180 0.1404
1181 0.1361
1182 0.1317
1183 0.133
1184 0.1341
1185 0.1338
1186 0.1394
1187 0.1479
1188 0.15130000000000002
1189 0.1534
1190 0.1537
1191 0.15280000000000002
1192 0.1638
1193 0.18430000000000002
1194 0.1995
1195 0.2015
1196 0.2026
1197 0.1981
1198 0.20090000000000002
1199 0.21630000000000002
1200 0.1961
1201 0.19820000000000002
1202 0.1904
1203 0.1955
1204 0.1923
1205 0.1983
1206 0.22390000000000002
1207 0.2396
1208 0.2354
1209 0.23070000000000002
1210 0.2383
1211 0.23500000000000001
1212 0.2288
1213 0.23390000000000002
1214 0.2267
1215 0.22110000000000002
1216 0.22290000000000001
1217 0.23870000000000002
1218 0.2268
1219 0.20470000000000002
1220 0.2073
1221 0.1965
1222 0.1897
1223 0.1782
1224 0.19490000000000002
e
0 0.5168
1 0.514721568627451
2 0.5082069973087274
3 0.5029439778064244
4 0.49661284142185874
5 0.4918711613660996
6 0.48717817464586044
7 0.481759422698964
8 0.47906297474998505
9 0.47647619142645625
10 0.47390849764502657
11 0.4713630663648295
12 0.4676782402328754
13 0.46431438767472344
14 0.4599844116874794
15 0.4560556112291469
16 0.4521514696123176
17 0.4476318041373248
18 0.44350114515154737
19 0.4389442374985455
20 0.43299740465546527
21 0.4280249574140745
22 0.4217886845743069
23 0.41678128517923607
24 0.41288397987808956
25 0.40944931400051743
26 0.4059767918828501
27 0.402879662789405
28 0.40038242111138916
29 0.3982850712638837
30 0.3958033037633392
31 0.3926659193020318
32 0.38963588325097176
33 0.3865913388097572
34 0.383917168660355
35 0.38007335812465487
36 0.37718028525702135
37 0.3744947838743931
38 0.3726949884283385
39 0.3708716555487958
40 0.369343355331196
41 0.36836910610252166
42 0.36736639605928556
43 0.3658108511157842
44 0.3638104255818319
45 0.3613119775197993
46 0.3594409195778464
47 0.3577177462610681
48 0.3555837169959282
49 0.35287847319216636
50 0.35085186640031674
51 0.3494851265414808
52 0.3479092392261286
53 0.3463363278839275
54 0.3446015699276951
55 0.34248778287170706
56 0.3403431639355617
57 0.3378316673106377
58 0.3346578764357107
59 0.3314909008892123
60 0.3282481204621843
61 0.3255285863264124
62 0.3224490339214551
63 0.3189686796500255
64 0.31580520201669116
65 0.3131500960552523
66 0.3117206805236738
67 0.30961006560117676
68 0.30792731793054234
69 0.3060674231097368
70 0.30539419083092356
71 0.30433951668069126
72 0.30285561406576217
73 0.30196715861220286
74 0.3005606033725086
75 0.2988484228480965
76 0.2977602494030731
77 0.2968441611911879
78 0.29568556663467077
79 0.2944939757862523
80 0.294105976735811
81 0.2950037815697008
82 0.29512128033167334
83 0.29671260267160776
84 0.29910034374330946
85 0.3008179773220032
86 0.3008486448780031
87 0.30082320782396377
88 0.3012889643798868
89 0.3019090049924402
90 0.30296747538489355
91 0.3031726724286232
92 0.30466001860789294
93 0.3060615865056226
94 0.3068317203681472
95 0.30825400584390616
96 0.30936953502649805
97 0.31022171012349814
98 0.30986399600100806
99 0.30969678047155674
100 0.30906553417855454
101 0.30826688577939554
102 0.30829955692530164
103 0.3083348684184271
104 0.308513893186332
105 0.3091604071790249
106 0.3103541167014161
107 0.3112186611444978
108 0.31285714502118417
109 0.3145333354125103
110 0.3155202634355491
111 0.3158841746733707
112 0.3167004815489248
113 0.31561810972347676
114 0.3155624975774581
115 0.31529730159402836
116 0.3150660348648508
117 0.3152203080074057
118 0.3168900998502525
119 0.3180355861306348
120 0.318720465105904
121 0.3193706429448882
122 0.322446304005873
123 0.3257817430644662
124 0.3296844198070362
125 0.3342575798146034
126 0.339949439429717
127 0.3466612261187477
128 0.3511490211729145
129 0.35522160857789825
130 0.36029919255523557
131 0.3641227536315008
132 0.3662002927047753
133 0.367490477304588
134 0.37073006642989825
135 0.37407006382480423
136 0.37847515936108644
137 0.38395848644496544
138 0.39187776148633935
139 0.398737457114326
140 0.4035438313451367
141 0.4091774065865039
142 0.41120966515173907
143 0.41503673710657285
144 0.42056862976906023
145 0.4261267227192932
146 0.4312197924165758
147 0.43787783977278855
148 0.4419218460562086
149 0.44649745993635725
150 0.4539367752329707
151 0.46222552914540327
152 0.46965197898283845
153 0.476496999414884
154 0.4833284896339082
155 0.4936058037659118
156 0.5019232232260722
157 0.5149379987858341
158 0.5264776851079582
159 0.5389609131429403
160 0.5571506812549818
161 0.5756545761077276
162 0.5935191025348756
163 0.6187928632197826
164 0.6618911823092029
165 0.7014876065323714
166 0.7316488768644354
167 0.7561253914972026
168 0.7779518467326064
169 0.8010204017627004
170 0.8243725428700455
171 0.8458089137378868
172 0.8640164073167932
173 0.8813294893828013
174 0.8915910780344561
175 0.8960424083076148
176 0.9024721177857477
177 0.9055594857157183
178 0.908184603922945
179 0.9156597174945942
180 0.919822081514414
181 0.9264682743962017
182 0.9325871655963507
183 0.9422386492984546
184 0.9480136042279269
185 0.9521150315131063
186 0.9559301283165139
187 0.9618505154413565
188 0.9695034364044406
189 0.9777895761532861
190 0.9828880241472749
191 0.9868453565336563
192 0.9893259307872385
193 0.9952033452661704
194 0.9999718415302422
195 1.0075925536270955
196 1.015165394661327
197 1.0258883203608828
198 1.0349515234839857
199 1.0433573460924568
200 1.0498805874221644
201 1.0549597800722756
202 1.0567809651674807
203 1.0588758292785598
204 1.057641483032342
205 1.0570437778153874
206 1.0594106884892938
207 1.0633436026661842
208 1.0700909123655498
209 1.0831030334492535
210 1.0925695811571259
211 1.103319793660768
212 1.111875880183875
213 1.1215631005688211
214 1.127078273095534
215 1.1342281447388465
216 1.1447015508275193
217 1.154650509618597
218 1.160444607280613
219 1.1679095246421576
220 1.1767601315189358
221 1.1851264008711344
222 1.1983057576997174
223 1.2094310221036502
224 1.2214376486878207
225 1.2309146036412395
226 1.2441571682043282
227 1.2543627694512174
228 1.271830896139405
229 1.2791041943300165
230 1.2796216769053101
231 1.280056120948239
232 1.2773245083620337
233 1.2727941354850913
234 1.2686335811523426
235 1.261565597577741
236 1.2549904761041042
237 1.254261437825512
238 1.2564354990872566
239 1.2576733226524621
240 1.2602037805876598
241 1.2657997107606926
242 1.270803643672038
243 1.2753878145084285
244 1.281631429625745
245 1.2813400010129705
246 1.2876600009732462
247 1.2977282362291973
248 1.3086761485339349
249 1.3168927701600552
250 1.3246656027027983
251 1.3264708731850414
252 1.3322563291385692
253 1.3299482377998018
254 1.3308365421998096
255 1.3365880503488368
256 1.3386355777861374
257 1.340869476696485
258 1.3386471442770151
259 1.3396805895994852
260 1.3236499782426427
261 1.3152284104684215
262 1.3018312179010323
263 1.2889711701402073
264 1.2704938693503953
265 1.259145090160184
266 1.2480178317225297
267 1.2392210540079207
268 1.2288672871840807
269 1.2159666092552932
270 1.2008894873237133
271 1.187093821154156
272 1.1772430830696794
273 1.1661825700081232
274 1.1603989398117263
275 1.1584734911916585
276 1.1533725699684563
277 1.146428547616752
278 1.1416548790827619
279 1.1346605700991241
280 1.1270503516638644
281 1.1236954359123401
282 1.1207897325432286
283 1.1150018998944744
284 1.1101390802907696
285 1.107412057534269
286 1.1053645258662583
287 1.1024992503420914
288 1.0991777111129897
289 1.097821722441892
290 1.0936718509735825
291 1.0874102097589322
292 1.0813902015330918
293 1.068547448531794
294 1.055804411334469
295 1.0470395324586075
296 1.040265433146505
297 1.0304667887093872
298 1.0217975028776465
299 1.0145034831569544
300 1.0077621700919759
301 1.0031009085197415
302 0.9984028336758302
303 0.9919556637277583
304 0.986216225934513
305 0.9819097072704144
306 0.9779132481617707
307 0.973791159998564
308 0.9714150360770517
309 0.9688575836818732
310 0.9649141490276821
311 0.962595947105028
312 0.9598196354538505
313 0.9572855321027192
314 0.9537645308437891
315 0.9506874904185425
316 0.9470801378531095
317 0.9426730736235758
318 0.9364584432853963
319 0.9304914455094985
320 0.9252996241169692
321 0.9184447368966959
322 0.9097253354497667
323 0.9042498320987955
324 0.9000086622125683
325 0.8963926362434479
326 0.893639983841744
327 0.8935168472204992
328 0.8917161865451855
329 0.8903508458963547
330 0.8886939499788507
331 0.8870275205679155
332 0.8856891864279972
333 0.883877845783762
334 0.8810473420275361
335 0.8785239168499857
336 0.8761778808950843
337 0.8742963953697869
338 0.873371046531756
339 0.8726545349030597
340 0.8727661217696063
341 0.8709047052296218
342 0.8702809912990485
343 0.8707758543853603
344 0.872376801272209
345 0.8728365345556518
346 0.8760351018279792
347 0.878229803717078
348 0.8828129486693495
349 0.8852947938195711
350 0.8852244097482154
351 0.8866822760325991
352 0.892855520109752
353 0.902488636968193
354 0.9121479061066953
355 0.9217499490044719
356 0.9310421078670417
357 0.9351894761859812
358 0.9402840065316291
359 0.9421826729421535
360 0.9469990387091279
361 0.9505990764068092
362 0.9533873479202677
363 0.9560270597665318
364 0.9621985476188247
365 0.9700103692808316
366 0.9767589822502108
367 0.9862115711815752
368 0.9949052350568075
369 1.0074462062310503
370 1.0251110608886562
371 1.0350047447753756
372 1.0695653430194785
373 1.1179588589794989
374 1.1530428252940284
375 1.1860333027334782
376 1.2328280751753025
377 1.2693916800703886
378 1.2995959279107656
379 1.327650989561324
380 1.3554999703628408
381 1.3777784028976314
382 1.405010622391842
383 1.42728079406275
384 1.4369403707661716
385 1.4424054542655376
386 1.4582209266472812
387 1.479588733445427
388 1.491620547820116
389 1.5010079773173666
390 1.511752762520607
391 1.5180879483041128
392 1.5199237150372849
393 1.5233267066044502
394 1.5274040906591777
395 1.5370588322019552
396 1.5461624074097218
397 1.5633050580995367
398 1.5780538793505354
399 1.5926792174152202
400 1.6013623853597214
401 1.6126893506397324
402 1.6238780035558213
403 1.6344200426320639
404 1.6395408252739436
405 1.6425313811455537
406 1.6466438760025908
407 1.654108822041705
408 1.660245730981246
409 1.663934133687864
410 1.6692033833471633
411 1.6731248192943335
412 1.675625806772987
413 1.6769934221936542
414 1.6814642683821384
415 1.685504885308329
416 1.692383125100159
417 1.7008230025472117
418 1.7053044534277133
419 1.718806239567803
420 1.7315785438984774
421 1.7340578166867726
422 1.7383967258363109
423 1.7437772463917498
424 1.7467624524156027
425 1.7499639248698928
426 1.753188868992642
427 1.7575618545223424
428 1.7644888406195054
429 1.7681833958893287
430 1.7710820862466101
431 1.7736357299232137
432 1.777273544436029
433 1.7878432093601064
434 1.7940493580126513
435 1.7994631086788218
436 1.8081116142208287
437 1.8213307666043257
438 1.8312511286982738
439 1.837260888357165
440 1.839372226068649
441 1.834804687791447
442 1.8279025431721747
443 1.8287651885379719
444 1.8306959654580515
445 1.8309980844596967
446 1.8308844340887283
447 1.8272575935362292
448 1.8275886682995144
449 1.8242165636603178
450 1.8241061101834428
451 1.8154941058625236
452 1.8099531605345816
453 1.806131467964598
454 1.8048125868679472
455 1.8050905246378317
456 1.8112007001422303
457 1.8141693001366526
458 1.8115273667979603
459 1.8051576661392168
460 1.803582855702385
461 1.801987449596409
462 1.7974075496122361
463 1.7936464692352856
464 1.7840132743633137
465 1.771267655760831
466 1.7617238261231514
467 1.7529974015693024
468 1.736107307390114
469 1.7221540796493255
470 1.7105480373101363
471 1.6978912515332683
472 1.6841229671594145
473 1.6721220664864962
474 1.6597094364282021
475 1.6454620075486648
476 1.6341615366644033
477 1.6235748097363876
478 1.617544425040843
479 1.6158917024902217
480 1.614292027882762
481 1.6139825365932419
482 1.6158851822170364
483 1.6099838025222506
484 1.6089138494821624
485 1.6136701691103128
486 1.6154517311059868
487 1.6203908789057522
488 1.6224696679682717
489 1.6292316417734376
490 1.6309284401352637
491 1.6279665405221162
492 1.625430597756543
493 1.6183862605896198
494 1.6092338582135561
495 1.601044295146358
496 1.5916817737680693
497 1.5859687630320667
498 1.5825621448739464
499 1.5738930411533996
500 1.566356059147384
501 1.5589891548670944
502 1.553891540950738
503 1.5455546177761992
504 1.53658777002027
505 1.5259568770782987
506 1.511668372094836
507 1.4928068673068031
508 1.4715752254516345
509 1.4526507068064725
510 1.4314683261473953
511 1.4115048623769093
512 1.3923517305189914
513 1.3744595057927564
514 1.3581434467420601
515 1.342882919418842
516 1.3272679029710444
517 1.3124691616780622
518 1.2988939004357853
519 1.2841411984579114
520 1.2704768377340718
521 1.2597640205680298
522 1.2496360197614405
523 1.240814999378639
524 1.2341163719520258
525 1.2258569063852798
526 1.218423302213308
527 1.2091243491853352
528 1.1976331982368906
529 1.186694641443287
530 1.1753144594259033
531 1.164486441409201
532 1.1568203064519775
533 1.1498038238460175
534 1.1398977915383306
535 1.1302586624583961
536 1.1212053815776748
537 1.1103777195550208
538 1.0976060442783533
539 1.0863548268556729
540 1.0745369905083917
541 1.0628767163708077
542 1.0537482176895996
543 1.0461188758194193
544 1.036380880689246
545 1.0297816304661385
546 1.022986272408643
547 1.015022104863206
548 1.0064565321234724
549 0.9967876485107873
550 0.9880312701378152
551 0.9785594556226068
552 0.9687296730491712
553 0.9597559603805763
554 0.9522008246793773
555 0.9435223609664606
556 0.9340273664187563
557 0.9250537442062561
558 0.9154712444334618
559 0.9072684505341104
560 0.8997638054151257
561 0.8933613032419835
562 0.88741772272269
563 0.882217027713957
564 0.8776163599604685
565 0.8722745419228031
566 0.870522599102301
567 0.8688040658041716
568 0.8676274357726355
569 0.868547928487434
570 0.8693382058016523
571 0.8709955310643327
572 0.8740662945520059
573 0.8753499692754566
574 0.8772185979313211
575 0.8791551235026419
576 0.8811215892476364
577 0.8833952524143958
578 0.8843130856530469
579 0.8863125724901824
580 0.8861709029807635
581 0.8841445930599493
582 0.8795153933321082
583 0.8763696916328099
584 0.8717865664707389
585 0.8685008187660042
586 0.8638654925398864
587 0.8571884144010674
588 0.8520359275618099
589 0.8478815774613468
590 0.8431293587373725
591 0.8390576191790442
592 0.8352984968582974
593 0.830404438157972
594 0.8267219111713849
595 0.8240622283803503
596 0.8208244939340621
597 0.8168078471131185
598 0.8129761668341727
599 0.8088359249975385
600 0.8046109867623409
601 0.8006262421834256
602 0.7949546248428991
603 0.7901015023000403
604 0.7864975218176857
605 0.7806780111581686
606 0.772310246014711
607 0.7656157265631537
608 0.7597523647371477
609 0.7562718798454948
610 0.7546808257339068
611 0.7499482443325771
612 0.7478836072999271
613 0.74791562269993
614 0.7471816767116974
615 0.7404137678210426
616 0.734326953396688
617 0.7231925630674061
618 0.7114281488294686
619 0.700921162600862
620 0.6916105287733771
621 0.6837277629391271
622 0.6749658898826908
623 0.6679084040049382
624 0.6587119960047446
625 0.6505899569457351
626 0.6420766253008043
627 0.6339559733282238
628 0.6264557390800581
629 0.6182457100965265
630 0.6104360744064667
631 0.6024072087434681
632 0.5936618280084301
633 0.5845221484786878
634 0.5760075544207
635 0.5682739248355745
636 0.5624631826851598
637 0.5565352147367222
638 0.5498083435705763
639 0.5437256634305537
640 0.5373481864332772
641 0.5315031595143251
642 0.5260246042392536
643 0.5215844236808515
644 0.5167732698110141
645 0.5128409847203861
646 0.5085805539470376
647 0.5031028851648008
648 0.4971223798642204
649 0.49036463947738823
650 0.4830523006743534
651 0.47621103398124154
652 0.4708772679427615
653 0.46425462998422184
654 0.45821327194562494
655 0.4518480455948161
656 0.44646576929698023
657 0.441451425402981
658 0.43691215381855036
659 0.4320842262178229
660 0.4283201389151632
661 0.42523699621260774
662 0.42234534930230944
663 0.41880631599633655
664 0.4153668526239312
665 0.41133677997201235
666 0.4070372984044825
667 0.40341622787881654
668 0.39961951306003946
669 0.3960109047047438
670 0.392622241775146
671 0.3897586244506305
672 0.3865445607466842
673 0.3835741858154417
674 0.3811751981364048
675 0.378544798209487
676 0.3763038257306836
677 0.3737075972706568
678 0.37069945620121925
679 0.36763673242862244
680 0.3653764684118137
681 0.3639734696505661
682 0.36254313750740663
683 0.36167870074241026
684 0.36069130071329614
685 0.3606445830382649
686 0.36108989350735254
687 0.36044323101686815
688 0.3600023199965988
689 0.3591198760751636
690 0.35816615544476504
691 0.3574616003292841
692 0.3556748709046063
693 0.35393467988873945
694 0.35294900616761243
695 0.35230394710221585
696 0.35169987074526626
697 0.3511508562062362
698 0.35056062655108966
699 0.35024452354908614
700 0.34931728733147493
701 0.34842641331847596
702 0.3479508676981436
703 0.348368480729589
704 0.3483971677598012
705 0.3486913964751031
706 0.3492485966133344
707 0.34909374968732126
708 0.3496861516603675
709 0.3501337535560393
710 0.35072458674992013
711 0.35141381864208016
712 0.35190347281297896
713 0.3521268660359994
714 0.35214934187772495
715 0.3516925049413436
716 0.3509829949436439
717 0.3490973872987951
718 0.34717984269884233
719 0.3455767116126132
720 0.3439070366474127
721 0.3424793097200632
722 0.3408997289467274
723 0.33957424938018904
724 0.3373478082280248
725 0.3354439726112395
726 0.33336381682256344
727 0.3319770004765806
728 0.33039358869318525
729 0.32875070286207997
730 0.32737224392631215
731 0.3263890186742999
732 0.3254796453929549
733 0.3249745612598978
734 0.32417163728892145
735 0.3226433377873952
736 0.321712226501615
737 0.3211627274231203
738 0.3212896792888803
739 0.3213136134344144
740 0.3215209227114962
741 0.3216024551541826
742 0.32061804514813624
743 0.31992714141683676
744 0.3189456848906863
745 0.318120363914581
746 0.3178411339571464
747 0.3168669718411799
748 0.31687611020034934
749 0.3173790078395513
750 0.318077870277216
751 0.3201101106585017
752 0.32320775337777613
753 0.32564274344139277
754 0.32809596918878914
755 0.3296843625539347
756 0.33056340715966276
757 0.3313020970749701
758 0.33222750503281445
759 0.33306172052172367
760 0.3339142020698914
761 0.3347136451259741
762 0.3354856590426026
763 0.3363568096683829
764 0.33704085634805414
765 0.3375137639422481
766 0.33767400849353246
767 0.33756130227809983
768 0.33761380022797827
769 0.33689953355237123
770 0.336150532236592
771 0.33526227607045117
772 0.3346480691657276
773 0.3339716742964834
774 0.33338062824564096
775 0.33295393694189035
776 0.3328459394147574
777 0.33231864767300223
778 0.3313492889407277
779 0.3303787285901109
780 0.3297011313904987
781 0.32907363604185175
782 0.3285531012951125
783 0.3280098424207944
784 0.32813494663958676
785 0.32856494873215203
786 0.32845651937010684
787 0.32863469508108306
788 0.3290647070386877
789 0.33024648323324896
790 0.3313583858515529
791 0.3324855079750214
792 0.3336272527603147
793 0.33504187029912585
794 0.3381853263658268
795 0.34154668611618655
796 0.34393701215084593
797 0.3468924234390481
798 0.34636330879437954
799 0.3431961202142078
800 0.3423217625587487
801 0.3407758110858566
802 0.33815323025896027
803 0.3351668290723344
804 0.33228185538322325
805 0.33028648850544984
806 0.3281497634660204
807 0.3257791845065686
808 0.3246976478592522
809 0.32365852441379134
810 0.3210170136524662
811 0.31802418958766365
812 0.3150193194077553
813 0.31236365982313746
814 0.3096199868888968
815 0.30703488936384205
816 0.3044413642907502
817 0.3019260166715051
818 0.2993367611157598
819 0.29704120185631827
820 0.2951062527639136
821 0.29298051736140723
822 0.29106363432762655
823 0.28896309964811184
824 0.2870155271128918
825 0.2850306044810137
826 0.2830254827366602
827 0.28059311086463434
828 0.27838945945817806
829 0.2763271277147201
830 0.2743848874121821
831 0.2723501859450377
832 0.2702344923785656
833 0.26841745346175916
834 0.26654618077698433
835 0.2643365266288673
836 0.2612213687218529
837 0.2586048444582508
838 0.255839948597143
839 0.2526383819854903
840 0.24973883759390247
841 0.24663535376669063
842 0.2437045555797616
843 0.2408063377138886
844 0.23793942250942238
845 0.2350986608423862
846 0.23260459571131223
847 0.23015343509518235
848 0.22767682979733206
849 0.22521107176606414
850 0.22301063757915968
851 0.2210298282623299
852 0.21931493303635616
853 0.21780846507414614
854 0.21649440762025807
855 0.2153338426155421
856 0.21408545663061887
857 0.21310171323333968
858 0.21234870487124793
859 0.2118369909547284
860 0.21136103052513122
861 0.21106059795551824
862 0.21102684901608618
863 0.2110806980742789
864 0.21145792560077775
865 0.21215369322427668
866 0.21326531309783447
867 0.21408235964301744
868 0.21463991416682068
869 0.21440697635635714
870 0.21451258512669608
871 0.21548071904329624
872 0.21639520064944148
873 0.2175483300357379
874 0.21880525826963054
875 0.21949524814140975
876 0.2204679835084133
877 0.22143786650808336
878 0.22273442076266833
879 0.2240860121053088
880 0.22555714888549278
881 0.2260960842233166
882 0.22669623778318654
883 0.22764540492894395
884 0.22872205571604418
885 0.23038001431541502
886 0.2318200137540262
887 0.23280746419504478
888 0.23366207344229792
889 0.2354831686014235
890 0.23761716198960295
891 0.23829099877432441
892 0.23878939097925286
893 0.23948784623496847
894 0.23979812677477363
895 0.23993153356791977
896 0.24045578715349153
897 0.24170065824551148
898 0.24232024027509927
899 0.2434527798721542
900 0.24460757281834425
901 0.24590531506076213
902 0.2474384399603401
903 0.2486683050599346
904 0.24955974407719206
905 0.25030249921141984
906 0.2505494600266583
907 0.25054752041776973
908 0.2507338921660925
909 0.25089334737526536
910 0.2506387063017255
911 0.2506411099761677
912 0.25030224291827874
913 0.24962764515677763
914 0.24864224730749224
915 0.24774255133464942
916 0.24685460814505533
917 0.2456916823354453
918 0.24396651832229058
919 0.2419835176037694
920 0.23987828161930788
921 0.23781246665384484
922 0.23637276207918426
923 0.2354248106250986
924 0.23490619060058493
925 0.23369026155742473
926 0.23269848659438847
927 0.23245148712009872
928 0.23174750723303603
929 0.23127505596899542
930 0.23041721063687798
931 0.23012633963151022
932 0.22947040474400002
933 0.22907548691090196
934 0.22828036977714108
935 0.22741839449176302
936 0.22675492804110567
937 0.2257057151767486
938 0.22476823615020944
939 0.22518124649726004
940 0.2251623740856028
941 0.22519522216067722
942 0.2251130565857487
943 0.22467332887650365
944 0.22426653166566038
945 0.22401294218857568
946 0.22396929739686683
947 0.22373520730287205
948 0.22354559133021043
949 0.22324968578784923
950 0.22298107065891395
951 0.22290338161346634
952 0.22278952351097747
953 0.22248405200074306
954 0.22243369702032176
955 0.22262453243128955
956 0.22296866841437624
957 0.2234208774961654
958 0.22332594112376675
959 0.223285708138521
960 0.22233724899583393
961 0.22108872942736987
962 0.21968524984198284
963 0.2185132792599443
964 0.21732060164190725
965 0.21606489177359717
966 0.21495254307659337
967 0.2136210707990799
968 0.21245946017950815
969 0.21132771664305686
970 0.21024035520607426
971 0.2090583804921106
972 0.20781687537477295
973 0.2066789586934093
974 0.20567194070543246
975 0.20454755087384688
976 0.20363196064349995
977 0.20251698179473526
978 0.20136729623415742
979 0.1999058336367395
980 0.19853305584706346
981 0.19736705365698254
982 0.19599187508219892
983 0.19476474272603428
984 0.19348769399168
985 0.19228817658024158
986 0.191292561812389
987 0.19043010840798158
988 0.18971520219590388
989 0.18874990014900567
990 0.18781068837845644
991 0.18689654373616402
992 0.1859045224131772
993 0.18493571761266045
994 0.18404804241216396
995 0.18288145251364774
996 0.18159982692487725
997 0.180356696457235
998 0.17918584561577483
999 0.1781628712779013
1000 0.1771172684826895
1001 0.17610874815003502
1002 0.17499467959513168
1003 0.17394390784630298
1004 0.1730676761660558
1005 0.1721944339634654
1006 0.17139073067078048
1007 0.17006952554643615
1008 0.1687844461132426
1009 0.16706348744213503
1010 0.16534727224832582
1011 0.16371796745427383
1012 0.16164667461292978
1013 0.1596487658045796
1014 0.15780763773381176
1015 0.15604655390111327
1016 0.154354532179501
1017 0.15270141327050094
1018 0.15126214216185382
1019 0.1499734307045262
1020 0.1486019236180742
1021 0.14734302465265953
1022 0.14632565113686896
1023 0.1455207236413055
1024 0.14470814624360726
1025 0.14433135619483836
1026 0.14387914614798195
1027 0.1436093757108062
1028 0.1430521452907746
1029 0.14243049253427364
1030 0.14149596341528253
1031 0.14065690602644795
1032 0.1399134979469794
1033 0.13944630194905866
1034 0.13882487834321322
1035 0.1384121380160284
1036 0.13785087770167434
1037 0.13714300014474592
1038 0.1361962158253441
1039 0.13525910932238944
1040 0.13433130111366828
1041 0.1333967402856813
1042 0.13247922105879184
1043 0.13154670258589807
1044 0.1305370279746864
1045 0.13019832099528691
1046 0.1295356417405698
1047 0.1289146361821161
1048 0.12839641515536646
1049 0.12807890867868543
1050 0.12752679461285463
1051 0.1269884889417623
1052 0.12652227368914418
1053 0.12608610609349147
1054 0.12563174899178592
1055 0.12524619020779432
1056 0.12464045725846905
1057 0.12406632167970556
1058 0.12354607377069751
1059 0.12301485519145448
1060 0.12252407655649548
1061 0.12208783826016233
1062 0.12159419754407753
1063 0.1211316799933294
1064 0.12073043764064981
1065 0.12018806753709492
1066 0.119643437437601
1067 0.11910840067534215
1068 0.11861395359003461
1069 0.11826830835120973
1070 0.1180224923374368
1071 0.11783337499087064
1072 0.1176438308735816
1073 0.11744211201579409
1074 0.11724046056419433
1075 0.11718005034599065
1076 0.11716906797948122
1077 0.1170840064900898
1078 0.11673953564734119
1079 0.11619288719058271
1080 0.11528336220271672
1081 0.11450362250849254
1082 0.1138054412336497
1083 0.11315424745978109
1084 0.11249329657900536
1085 0.11189748102688751
1086 0.1113799327513233
1087 0.11083562166303612
1088 0.11028520512723078
1089 0.10970147159282957
1090 0.1091367080009539
1091 0.10867252337346552
1092 0.10835595382940805
1093 0.10790670073805872
1094 0.10732604580715446
1095 0.10672894597157978
1096 0.10624545789426293
1097 0.10578485170233104
1098 0.1053227006551808
1099 0.10488651631576194
1100 0.1044674372445556
1101 0.10420989068594558
1102 0.10389969889433988
1103 0.1035153969769148
1104 0.10306773435036912
1105 0.10250429378760956
1106 0.10199432148221312
1107 0.1015592500515381
1108 0.1012392794612817
1109 0.1010495037961334
1110 0.1009142291374615
1111 0.10068229858305124
1112 0.10051436530528451
1113 0.10038439019527336
1114 0.10038108077585087
1115 0.10026025407875867
1116 0.10032847940900344
1117 0.10033912727531703
1118 0.10037288699001048
1119 0.10026806789236302
1120 0.10008108483776056
1121 0.09990927758922093
1122 0.09981479611513384
1123 0.09988088254199134
1124 0.10001496557956031
1125 0.10026143751761676
1126 0.10030216545810239
1127 0.10033737465582387
1128 0.10029669329677196
1129 0.10029290140278091
1130 0.10030886605365225
1131 0.10029675365939138
1132 0.10033609665314075
1133 0.10018566149027248
1134 0.09998622378477161
1135 0.09979460716576095
1136 0.09955168139455464
1137 0.09937710565359172
1138 0.09921721915737243
1139 0.0990243870335539
1140 0.09885872479694395
1141 0.0985662257852991
1142 0.09822637379371875
1143 0.09789200619396507
1144 0.09763349614714291
1145 0.09749884923941181
1146 0.09737340417119958
1147 0.09740974126252508
1148 0.09754269258556332
1149 0.09767435169985496
1150 0.09781261241750772
1151 0.09786701977368388
1152 0.0980173327237355
1153 0.09834998634241254
1154 0.09888920256427872
1155 0.09929746913038544
1156 0.09988972524291935
1157 0.10033718699809899
1158 0.10077494437072257
1159 0.10132886812089031
1160 0.10210812819458089
1161 0.10316663297126398
1162 0.10396401991356735
1163 0.10486739168166276
1164 0.10560984690983284
1165 0.10648789212905509
1166 0.10754719047693528
1167 0.10905906536019273
1168 0.11000969024802831
1169 0.11075832984614485
1170 0.11199133651884506
1171 0.11292108802790997
1172 0.11382614339936448
1173 0.1146368828738992
1174 0.11565504432982472
1175 0.11666465043453748
1176 0.11692878179004582
1177 0.11753157466102442
1178 0.11804406192921954
1179 0.11865017714768153
1180 0.11950311137718422
1181 0.12015396975454955
1182 0.12060675525437115
1183 0.12109276485223894
1184 0.12160285250509231
1185 0.12208117201469654
1186 0.1227603417396104
1187 0.12374621069099823
1188 0.12482675144821398
1189 0.12594727099926442
1190 0.12703561331301877
1191 0.1280459814183906
1192 0.12944809979414
1193 0.13159915470417372
1194 0.13426193295106886
1195 0.13689871989416422
1196 0.13947524068262837
1197 0.14177425085193707
1198 0.14409290768127286
1199 0.14692455836043863
1200 0.14885300705218615
1201 0.15078818324621807
1202 0.15234158782479776
1203 0.15403407457676646
1204 0.15553469910316778
1205 0.15721176972657297
1206 0.15982699444317797
1207 0.16295534760226904
1208 0.16579631436296435
1209 0.16834155693696576
1210 0.17108502529237887
1211 0.17359149488875616
1212 0.1757565343048834
1213 0.17803667021449582
1214 0.17994503608843715
1215 0.18155895624183177
1216 0.18318017364411288
1217 0.18535742173650063
1218 0.18698262088408885
1219 0.18767742006510496
1220 0.1884469330037283
1221 0.1887627395526017
1222 0.1887994948642644
1223 0.18838382839899914
1224 0.18863936454021485
e