set 	title 'ZigZag Algorithm' font ',18'
set 	terminal wxt size 1800,900
set 	style line 1 lt rgb 'black' lw 1
plot '-'  lw 2 lc rgb 'red' pt 7 ps 3, '-' lw 1 lc rgb 'black' with lines
0 9.38613819542039
129 10.611099856916374
148 10.321083780165162
173 10.957948874298943
180 10.717427900423615
224 11.059975590290321
322 10.30193979454734
370 10.87168549031559
385 10.61482773230241
433 11.120265470329072
508 10.465141832762184
574 10.767111415522105
655 9.850655706764105
711 10.104032876503238
811 9.666580340108023
902 10.120299098953302
920 9.910993809964724
1045 10.356288752289467
1105 10.133110864781314
e
0 9.38613819542039
1 9.340362865608805
2 9.224327100061915
3 9.253998341315645
4 9.226871969006726
5 9.235637679750345
6 9.2470039723477
7 9.22292584166068
8 9.232023582807324
9 9.243472394306758
10 9.248395983585256
11 9.253487980159425
12 9.243081483935399
13 9.275357216199025
14 9.285940302035572
15 9.301460878251776
16 9.300180161898773
17 9.299576688617524
18 9.312955622840523
19 9.298376889995811
20 9.25121548508562
21 9.261946567405095
22 9.234199466555204
23 9.28138766502658
24 9.276752449410544
25 9.280668351809211
26 9.284914306980923
27 9.27763633786619
28 9.29104255445609
29 9.285131467890585
30 9.270412370536274
31 9.265812921100007
32 9.26312824891859
33 9.274875455607846
34 9.286579856556685
35 9.268577204114031
36 9.274852955277371
37 9.298861192515822
38 9.310243623820721
39 9.3319578246284
40 9.338647391297231
41 9.352555823773152
42 9.343170518785321
43 9.34293670256643
44 9.35054743266279
45 9.334266279281481
46 9.337871297753967
47 9.350375320560016
48 9.371733618130133
49 9.38513282271843
50 9.45571184248125
51 9.470280161316085
52 9.46676936520943
53 9.481262528387369
54 9.474919873301399
55 9.476711214763249
56 9.520481100179202
57 9.492989801899888
58 9.507158087077155
59 9.514886936098463
60 9.531771484474337
61 9.529630117173905
62 9.514095330762002
63 9.548491912063424
64 9.55704649189075
65 9.654386244924636
66 9.653738184623366
67 9.603618182418847
68 9.646987559567458
69 9.637463248287148
70 9.635425737811032
71 9.660411665513966
72 9.698420875556817
73 9.700189519755119
74 9.684737460828606
75 9.677652883410428
76 9.723976243294935
77 9.779022365953896
78 9.785611262531694
79 9.787112150698242
80 9.833905400314528
81 9.836481990754766
82 9.820889875372687
83 9.818365299119293
84 9.860580573445384
85 9.837300206166349
86 9.749722548326467
87 9.749142187092188
88 9.782440759111957
89 9.808351807517171
90 9.888164248077514
91 9.839746579938819
92 9.86287855616349
93 9.874156574340715
94 9.833629306720798
95 9.859935793931106
96 9.870933368614777
97 9.860940111956275
98 9.815972958044716
99 9.8277548766504
100 9.812174025464719
101 9.800154424782322
102 9.842074276063348
103 9.861362104722936
104 9.866467695720818
105 9.874389788999904
106 9.968128568420934
107 10.034391245780608
108 10.047907758768412
109 10.078348430885457
110 10.062861140629787
111 10.030988108669119
112 10.077894118266899
113 10.05331863058807
114 10.074461636261443
115 10.115063253517588
116 10.184650546898224
117 10.176626636509297
118 10.206528939491967
119 10.217750697217822
120 10.27075014894793
121 10.27241418706809
122 10.28642378049563
123 10.37904852361243
124 10.404264355598984
125 10.37313830702889
126 10.432630289002944
127 10.512420168650232
128 10.582340049191815
129 10.611099856916374
130 10.598837804551064
131 10.549281560958862
132 10.47459336233677
133 10.435621727948348
134 10.528660449814833
135 10.575015206237063
136 10.511681781548958
137 10.491134763270523
138 10.486502015240033
139 10.508657526206505
140 10.488255499022445
141 10.476392645197492
142 10.336896243263068
143 10.402599943449951
144 10.375925715897324
145 10.381580251860385
146 10.381403546302534
147 10.388003183957984
148 10.321083780165162
149 10.415258529315116
150 10.441506075204126
151 10.441817831392296
152 10.407076454279892
153 10.420087572341027
154 10.47633653707402
155 10.535261065189648
156 10.51695983277312
157 10.552950312406777
158 10.576098807002037
159 10.566064436967023
160 10.744512996671306
161 10.74549472761171
162 10.710132600519547
163 10.778320879726408
164 10.764003383662812
165 10.761167545868947
166 10.790921709549368
167 10.777102489329732
168 10.802295344557624
169 10.861298467140417
170 10.850357924642678
171 10.931426987909191
172 10.930267048097432
173 10.957948874298943
174 10.898361527583436
175 10.797348609444098
176 10.813281224148875
177 10.7594703749352
178 10.742397547214082
179 10.738707698651018
180 10.717427900423615
181 10.811484586582557
182 10.788094616239261
183 10.82674138565532
184 10.786719618785638
185 10.794495552733888
186 10.797168601015946
187 10.839026836666607
188 10.86618790304256
189 10.912986256122737
190 10.930453273205806
191 10.964279586950449
192 10.95468882557211
193 11.021712744621627
194 10.984755459943896
195 10.926032001045323
196 10.949063801046886
197 10.983816549133538
198 10.962113608448913
199 10.968715569509298
200 10.969960184755054
201 10.956955323582509
202 10.898279805064991
203 10.903032261204698
204 10.86482143729278
205 10.845324776244428
206 10.915553628736088
207 10.92983626966161
208 10.929128171931747
209 10.961893455768932
210 10.98098804732333
211 10.980885568004656
212 10.980543156448334
213 10.984445075600787
214 10.951717359970601
215 10.971675169205646
216 10.98749351969597
217 10.968045691679201
218 10.932275374037427
219 10.9695339488625
220 10.970652860809087
221 10.99824458591514
222 11.002140340384134
223 10.99976378140669
224 11.059975590290321
225 11.050247418006242
226 11.053426151713417
227 11.02410266068058
228 11.002210835044194
229 10.935782138260963
230 10.926534345840967
231 10.940667601685737
232 10.892798794062363
233 10.853038190275313
234 10.84203163172766
235 10.820734626968926
236 10.800937302584847
237 10.896765065955865
238 10.915306076898887
239 10.912288548105277
240 10.88846444219873
241 10.962913140805849
242 10.964750456024063
243 10.943379207734395
244 10.953773894269311
245 10.881813863299643
246 10.958428478587585
247 10.940112374469736
248 10.9563132866797
249 10.982951849587357
250 10.97234210584348
251 10.929818353857291
252 10.945000602084018
253 10.81237736504424
254 10.813175936801388
255 10.816602246136052
256 10.752847357083192
257 10.745733387190374
258 10.681390317698114
259 10.665455789823714
260 10.510261970330783
261 10.609714814631426
262 10.525461182083475
263 10.530754779306559
264 10.453204508292304
265 10.566079902482919
266 10.553850397777254
267 10.57750058731633
268 10.559191918544023
269 10.481882755388813
270 10.451757793900292
271 10.481259515068833
272 10.525509500456465
273 10.510343732936374
274 10.53392600353503
275 10.577624936426616
276 10.514040857292054
277 10.477659737337413
278 10.485600094450746
279 10.42087529840576
280 10.415736462948972
281 10.529106413629064
282 10.509870234720319
283 10.527605610952074
284 10.478586005896817
285 10.571844221963795
286 10.609459394447178
287 10.600229265018621
288 10.55448399159909
289 10.547785029654214
290 10.486257208826391
291 10.476829278728948
292 10.480105411212044
293 10.361194954589283
294 10.389289478909223
295 10.424602162676319
296 10.453430711055768
297 10.360420189852075
298 10.382316189101887
299 10.454504764157841
300 10.448566476107173
301 10.488819262055246
302 10.464388228934425
303 10.419440708014072
304 10.427818073282275
305 10.45360494462323
306 10.471256016907827
307 10.424960491927731
308 10.44056583967291
309 10.430052264477302
310 10.40048936620503
311 10.428683723588778
312 10.419386385785343
313 10.441704290999889
314 10.406884552272023
315 10.396040340278358
316 10.398793974028418
317 10.369734132904151
318 10.354049345642727
319 10.358379764781532
320 10.366547127547433
321 10.33655647871533
322 10.30193979454734
323 10.377996953031388
324 10.382445658025501
325 10.423295414942825
326 10.441679479686279
327 10.473930797145576
328 10.525074282482853
329 10.582988799407083
330 10.597123613574535
331 10.597046648247378
332 10.650326436499919
333 10.632528523944766
334 10.592763248561692
335 10.575100016599102
336 10.550775332540315
337 10.589690175377404
338 10.61796707213936
339 10.66515445933413
340 10.704873253322848
341 10.687260549289931
342 10.741890253752098
343 10.727333774648573
344 10.725709333961985
345 10.700972225644158
346 10.774780918479548
347 10.759359478912216
348 10.757345704221615
349 10.734248500228874
350 10.707638172470022
351 10.707847118118515
352 10.752796674693997
353 10.806135037127264
354 10.795933647187153
355 10.804445739393069
356 10.809502670658368
357 10.772141664652592
358 10.799030939008446
359 10.754575435989532
360 10.80100109117684
361 10.79743757891689
362 10.794826153147854
363 10.75753919754622
364 10.760047175792012
365 10.795701142379043
366 10.804596420922662
367 10.819761084262362
368 10.818089659485382
369 10.854312649150868
370 10.87168549031559
371 10.75499930769892
372 10.737446341770063
373 10.744949991349275
374 10.711099157136179
375 10.718270116700179
376 10.736945220644989
377 10.713099789488119
378 10.760272836085495
379 10.781482471404964
380 10.773479234836783
381 10.764265151646955
382 10.785036517783894
383 10.763033314502376
384 10.669318584528233
385 10.61482773230241
386 10.681518243616091
387 10.711419054878634
388 10.664540313696463
389 10.661266374897782
390 10.672690271795993
391 10.648927090753675
392 10.621974453340288
393 10.634033595378735
394 10.687939173354948
395 10.781902154899134
396 10.77132096484194
397 10.78311450750755
398 10.804155684613745
399 10.848793055198403
400 10.920799398469011
401 10.892753987217507
402 10.895839476359098
403 10.914173864277384
404 10.908869164400691
405 10.95904184174268
406 10.933052146785965
407 10.957224504089886
408 10.956892202121628
409 11.029592108337727
410 11.016587223790745
411 11.027252998134287
412 11.035048361111599
413 11.071012998402978
414 11.097431384416726
415 11.038000144045306
416 11.013504889020975
417 11.023318948478941
418 11.01620358090548
419 11.05213970036997
420 11.007565046393593
421 10.975301279325166
422 11.011652238106715
423 11.038973410944614
424 11.032615952069918
425 11.02353185927624
426 11.017170867273085
427 11.054375827591805
428 11.049245479278412
429 11.025083840474313
430 11.017597791823324
431 11.026314453391755
432 11.0552233014827
433 11.120265470329072
434 11.111666399052192
435 11.080332141848709
436 11.078663581204498
437 11.068546384658967
438 11.0725583048528
439 11.090096982168872
440 11.060474718556044
441 11.003080526841511
442 11.007831218770118
443 10.948903333345587
444 10.969098573806196
445 10.997213087113977
446 10.97886567290011
447 10.937511185476616
448 10.960257708464328
449 10.953229748840632
450 10.984620632679041
451 10.89166219946724
452 10.910003375218695
453 10.955617412164548
454 10.964333070564095
455 10.949938802013989
456 10.95403064207704
457 10.941647891979033
458 10.88932393641926
459 10.802682378636106
460 10.807631408918288
461 10.828577854382157
462 10.831488451980654
463 10.829157957419728
464 10.769444319193006
465 10.760888631664223
466 10.807503051064515
467 10.820855703785522
468 10.751558328432882
469 10.786082504665554
470 10.796816263481949
471 10.771268061053766
472 10.7392447896538
473 10.754374962773865
474 10.751097435667743
475 10.756074827842554
476 10.797325701080009
477 10.791135158808894
478 10.836415318263121
479 10.836045256874154
480 10.827739708004959
481 10.835169036820533
482 10.8337095915428
483 10.769405408413
484 10.746447302629038
485 10.760471281652473
486 10.741101460159799
487 10.773161406941577
488 10.763973354197985
489 10.746047779468388
490 10.732738034276556
491 10.679392137259851
492 10.670867751002678
493 10.635049352212068
494 10.637770438403953
495 10.642196357802879
496 10.641189512099663
497 10.66263991253934
498 10.689730189482752
499 10.658672708598653
500 10.670348841981555
501 10.67091370848505
502 10.670620519213957
503 10.650213887912871
504 10.653773757859167
505 10.63729695485334
506 10.613514219627145
507 10.503568059748035
508 10.465141832762184
509 10.498044304152318
510 10.509451068538521
511 10.517546070177076
512 10.513506896301973
513 10.522990883989817
514 10.537854534285287
515 10.549722354782725
516 10.542225008733865
517 10.557553410227515
518 10.563455075964228
519 10.515868180176431
520 10.527059817254166
521 10.6352362642111
522 10.630615539964312
523 10.654452360162786
524 10.688301693519682
525 10.692921481356708
526 10.700380145176014
527 10.680411383995773
528 10.654283873732153
529 10.65059887010598
530 10.6467017008524
531 10.65810464461331
532 10.704252050260592
533 10.689067139716741
534 10.609444832297095
535 10.59599552884856
536 10.598612026961487
537 10.555471274033437
538 10.518893707851412
539 10.55138445861763
540 10.525407492264046
541 10.553915366787189
542 10.576920936854298
543 10.574305276052824
544 10.537390704696818
545 10.67266941937207
546 10.701472111941696
547 10.689509677392648
548 10.656176415804389
549 10.575121473502401
550 10.581469317295822
551 10.5563545188697
552 10.545025599362843
553 10.56438603883661
554 10.644036076156922
555 10.582079315086874
556 10.564358669942646
557 10.566365198344004
558 10.539464730953686
559 10.588385047825092
560 10.578479163655109
561 10.624103975085617
562 10.61932289910057
563 10.639634594342013
564 10.650202276916783
565 10.627699924435472
566 10.62138222222948
567 10.654057292602038
568 10.666225159344945
569 10.69175080315323
570 10.699036977380773
571 10.703497694516797
572 10.754231468447625
573 10.760499718753639
574 10.767111415522105
575 10.759348431125227
576 10.7256948318683
577 10.742540589008893
578 10.732279515937446
579 10.745213130841986
580 10.748937492283503
581 10.72541375733544
582 10.672911975680437
583 10.67923240483664
584 10.651407205618211
585 10.663217335550248
586 10.649199905803371
587 10.584826539985107
588 10.59850648028387
589 10.624925498709173
590 10.595193194578506
591 10.610337914179526
592 10.606057944848356
593 10.588555181244129
594 10.616465056087154
595 10.63328435536453
596 10.630025746135749
597 10.60856355099689
598 10.589337674201689
599 10.582576375845033
600 10.58279262157911
601 10.60723040022944
602 10.548301527005394
603 10.577342835355347
604 10.590165603324987
605 10.560906773172487
606 10.53557814299477
607 10.557591104262439
608 10.559066813327
609 10.53818298325757
610 10.588854545777112
611 10.50651772042656
612 10.49165664430377
613 10.476509926382933
614 10.435244578057345
615 10.311493097666503
616 10.342293944288036
617 10.278628839183487
618 10.276076445200678
619 10.284900717781236
620 10.31183982211297
621 10.352295954017615
622 10.30474415060942
623 10.323674756811915
624 10.265186057237695
625 10.319537443655465
626 10.281958576699282
627 10.290281433073996
628 10.318702971494794
629 10.278807836725582
630 10.297371861299492
631 10.29357333610441
632 10.281970220064379
633 10.262203412388404
634 10.27613087064369
635 10.291063601308553
636 10.36515087289747
637 10.367254272636007
638 10.302459290942853
639 10.323927312129522
640 10.298909395472865
641 10.304410359998826
642 10.306256027996513
643 10.353706116831464
644 10.345777236120442
645 10.31575513791051
646 10.312610296664044
647 10.278214376420605
648 10.255013764473333
649 10.187708517258834
650 10.020710876027323
651 10.00497904316007
652 10.024984571698479
653 9.923354393456844
654 9.926657543111077
655 9.850655706764105
656 9.931783421690975
657 9.931778075122779
658 9.939024566114622
659 9.90288687216379
660 9.957508299042258
661 9.96353271237925
662 9.975398362696273
663 9.954088932606165
664 9.939942907146044
665 9.91745406514958
666 9.909619215410041
667 9.900593869871853
668 9.866813194666749
669 9.865412303088734
670 9.868680245960709
671 9.9152535607817
672 9.912240632316704
673 9.931322053490312
674 9.981604406944161
675 9.980205508573912
676 9.980070281380444
677 9.945707129982239
678 9.901666395235392
679 9.869348903789641
680 9.915162632777344
681 9.93250446040662
682 9.944151454560423
683 9.961548891949398
684 9.942619800237996
685 10.018269645420173
686 10.060346846468246
687 10.052911364017003
688 10.049844655472008
689 10.02945169813126
690 10.019093553504561
691 10.024805665769751
692 9.966973957893947
693 9.96433191491372
694 10.041179963603545
695 10.079243016311933
696 10.076337309795871
697 10.070843937655752
698 10.055921903169875
699 10.054834734805357
700 10.042718484384931
701 10.035321192293496
702 10.026721482814317
703 10.056741544744895
704 10.041256640931012
705 10.050803068620542
706 10.077860939480908
707 10.049747899684833
708 10.083892690839331
709 10.083071615811432
710 10.102489219581281
711 10.104032876503238
712 10.098447243942221
713 10.08975215861698
714 10.07973821870825
715 10.058037866784627
716 10.051528175353209
717 9.944360265770168
718 9.958925570677025
719 9.976533997183122
720 9.971138257053155
721 9.977161716322891
722 9.969653498698925
723 9.978550497129913
724 9.915467999526168
725 9.9053657875479
726 9.881017480771103
727 9.917672962175672
728 9.894025932244498
729 9.905985430240452
730 9.9100390445681
731 9.901077651054782
732 9.895047031346525
733 9.90350255242363
734 9.89327760798624
735 9.841112555957201
736 9.86748932160526
737 9.868884202933742
738 9.969280442873606
739 9.98268405612611
740 9.990897058595195
741 10.016626041185464
742 9.912128610824324
743 9.914759287178352
744 9.888469341644868
745 9.893603869461947
746 9.909152476512153
747 9.873862018068039
748 9.880066406289735
749 9.845593574117226
750 9.823435178149202
751 9.873112362140441
752 9.86733744025903
753 9.848001269317992
754 9.842004624980683
755 9.864113467622
756 9.856350346478404
757 9.873688951545162
758 9.882851588110995
759 9.874193130343098
760 9.868427571519508
761 9.85517927224201
762 9.884767419131968
763 9.920237485884147
764 9.911369408936615
765 9.90151911643636
766 9.879711632155038
767 9.873953689983587
768 9.875037665221093
769 9.859110809878503
770 9.855347177208193
771 9.860346725767892
772 9.871745563876457
773 9.861463273060878
774 9.855839710668068
775 9.865940398201742
776 9.880723404262552
777 9.869281126804868
778 9.858697801035289
779 9.854398143597447
780 9.860808104850657
781 9.862892094854466
782 9.881773499629373
783 9.869399086841385
784 9.907483059855366
785 9.941341466660418
786 9.91813524931251
787 9.932650159797952
788 9.943173061501252
789 9.934379446398584
790 9.927728355758944
791 9.927380821346123
792 9.911050878342332
793 9.913824937187181
794 9.959325205666627
795 9.966432773795306
796 9.94777138796451
797 9.932615679526126
798 9.82807573073977
799 9.675507951360439
800 9.77571951980071
801 9.74509597613911
802 9.729852954619515
803 9.700750000374253
804 9.718329576906866
805 9.735102628153046
806 9.7209315682662
807 9.7227183901542
808 9.723190944149591
809 9.723204716138742
810 9.697706767220863
811 9.666580340108023
812 9.694428102991566
813 9.717345306194519
814 9.71709471933203
815 9.712456578636967
816 9.708601593178761
817 9.706789953861659
818 9.693563117433694
819 9.707626549713906
820 9.75054847175955
821 9.739636559765286
822 9.746409090935533
823 9.73419277758221
824 9.747167020280871
825 9.738987249649178
826 9.746187919957178
827 9.731312742947951
828 9.754064844879645
829 9.748502524737384
830 9.748440054020513
831 9.745959091088862
832 9.753236011178878
833 9.785531376891882
834 9.787130686915624
835 9.761713136493592
836 9.719091044519036
837 9.727735568763267
838 9.725449408815944
839 9.707404539768772
840 9.734806144500231
841 9.730601540650444
842 9.730408947749037
843 9.72785358389199
844 9.73128185744881
845 9.731043650687186
846 9.736215580500868
847 9.723544764227693
848 9.713978829830165
849 9.719172209470612
850 9.717608475263495
851 9.71368206083243
852 9.718166501754435
853 9.721538126492936
854 9.721676665328262
855 9.732127300537442
856 9.73102820390077
857 9.738061460155924
858 9.737643689804342
859 9.748459904951696
860 9.751399909850235
861 9.7665595407836
862 9.794969835938174
863 9.844088866453307
864 9.899981914962861
865 9.95012874264728
866 9.946139870991106
867 9.961079344676357
868 9.95867672313318
869 9.936799980712633
870 9.955680966694302
871 10.02867466579108
872 10.033794063314408
873 10.030467279795413
874 10.03961027227056
875 10.027159437057971
876 10.045895556218618
877 10.043668972135803
878 10.046468655674861
879 10.044231621163025
880 10.075013546368876
881 10.035662087545559
882 10.048675183986447
883 10.074607437542982
884 10.064284951049412
885 10.061853620830316
886 10.057359907920446
887 10.040328275780626
888 10.032870602673588
889 10.053650004229512
890 10.041639503918871
891 9.989497803566353
892 9.98161411788865
893 9.992530406345397
894 9.988909917714922
895 9.988470498650152
896 10.007840360627192
897 10.099220851820851
898 10.065509458538186
899 10.109280244513258
900 10.111799659722445
901 10.09706881360271
902 10.120299098953302
903 10.104473834559238
904 10.093372517841717
905 10.083314333295949
906 10.051273304834462
907 10.050055412457459
908 10.067087023039146
909 10.064419047726506
910 10.049385846328558
911 10.070228780572455
912 10.063278865467728
913 10.01477576463574
914 10.014428120702842
915 10.018165327412428
916 10.017262566794972
917 10.00775567174616
918 9.98531819935499
919 9.921436502048415
920 9.910993809964724
921 9.926018317822514
922 9.99866636007513
923 10.090526299208202
924 10.113359828761062
925 10.09764133168047
926 10.126582302659578
927 10.218120539352752
928 10.200159965494791
929 10.238990390871185
930 10.229801583128197
931 10.243719498299372
932 10.212844395788132
933 10.250454879664256
934 10.220284275210489
935 10.2205931025395
936 10.2388180662111
937 10.208207772864906
938 10.213214956130969
939 10.252332925220482
940 10.240978198973405
941 10.256443188415695
942 10.255999392771558
943 10.246079241343793
944 10.232791299678729
945 10.245852038567532
946 10.24601321585793
947 10.241166917427616
948 10.236608823796121
949 10.237756649741277
950 10.2514563073563
951 10.296790331793083
952 10.315611110551023
953 10.305214683102914
954 10.321336990613208
955 10.324397112062817
956 10.318740932161935
957 10.319056445069393
958 10.289779015497361
959 10.321540105313634
960 10.268029966609566
961 10.248623932546993
962 10.213279881775538
963 10.23339723117307
964 10.225230413984654
965 10.222338659235982
966 10.250644998436053
967 10.25468265955632
968 10.291222065206686
969 10.285742032705324
970 10.282966253128764
971 10.2830606707551
972 10.242394679547175
973 10.263601675712371
974 10.275952771314433
975 10.269454789086168
976 10.292335693739512
977 10.269802878308695
978 10.255203722050044
979 10.228060342153677
980 10.226594802855479
981 10.225525760824553
982 10.202429246860246
983 10.195970955132838
984 10.195234352777609
985 10.20053636974625
986 10.209579370910358
987 10.204844693553225
988 10.218503015944409
989 10.196950881274768
990 10.199147467209354
991 10.207378670744546
992 10.194206758226033
993 10.197993911485472
994 10.211692948402595
995 10.178426652087305
996 10.183910465931309
997 10.192640542657905
998 10.198180118950173
999 10.2422785273763
1000 10.23050090895109
1001 10.228985505672135
1002 10.21135269461261
1003 10.196825972648993
1004 10.212536836507143
1005 10.206152568007765
1006 10.207850104035877
1007 10.155342945580319
1008 10.21207752359959
1009 10.178818918035732
1010 10.184847557768427
1011 10.184062302703294
1012 10.159725783425593
1013 10.162984247916087
1014 10.162198613713402
1015 10.163319767917383
1016 10.131761918679354
1017 10.150288644353008
1018 10.179033782643387
1019 10.18554093861242
1020 10.17884283634446
1021 10.197810649488469
1022 10.250899375938584
1023 10.308748973234755
1024 10.305109284326546
1025 10.33164327056399
1026 10.326380902690053
1027 10.324256950279127
1028 10.317845997432435
1029 10.331771649178116
1030 10.311529670633233
1031 10.323752927692185
1032 10.32456350815844
1033 10.328294397433032
1034 10.32931166907949
1035 10.346768541328517
1036 10.334182039718861
1037 10.325639655079422
1038 10.305460904887761
1039 10.320377151913622
1040 10.31839560207114
1041 10.314295362958863
1042 10.322578407092772
1043 10.329477249485729
1044 10.321539776149764
1045 10.356288752289467
1046 10.319299282600731
1047 10.318557057081591
1048 10.316655914253932
1049 10.3135421129781
1050 10.304245934700871
1051 10.305921738704129
1052 10.302263672493496
1053 10.305671282807886
1054 10.302062309939538
1055 10.311740437846614
1056 10.281118869714856
1057 10.282913566954972
1058 10.287114603265042
1059 10.28270382109399
1060 10.28582527245085
1061 10.287146627870845
1062 10.284697194158305
1063 10.283027830852701
1064 10.299103987957091
1065 10.28144476385766
1066 10.28170615631354
1067 10.278974093647182
1068 10.277535262282532
1069 10.278095435816859
1070 10.282302683665502
1071 10.301270562072883
1072 10.294921009187853
1073 10.290644416201644
1074 10.289634935763932
1075 10.289775617629456
1076 10.285473844438284
1077 10.289801441135983
1078 10.281923988256374
1079 10.26571490329507
1080 10.189546182918658
1081 10.16792658625751
1082 10.169690976452474
1083 10.173132555676561
1084 10.170721479389613
1085 10.16800334695607
1086 10.182357915659153
1087 10.172752949316918
1088 10.168157234408616
1089 10.166519670862652
1090 10.169758407103332
1091 10.170456583390367
1092 10.229777409954465
1093 10.214641614872617
1094 10.163571526809262
1095 10.158325488189941
1096 10.160820334142558
1097 10.164743895793205
1098 10.15913778981968
1099 10.157823522470055
1100 10.156576239222618
1101 10.17561172607196
1102 10.162403570938466
1103 10.162060407917805
1104 10.159741262457116
1105 10.133110864781314
1106 10.15968282785809
1107 10.174354032059346
1108 10.18575738017819
1109 10.188666494769791
1110 10.187149178814387
1111 10.185937586714973
1112 10.194757306555038
1113 10.211349387042187
1114 10.208211090842761
1115 10.18746577419327
1116 10.187919599371499
1117 10.187762326734545
1118 10.17535955182965
1119 10.177507091177407
1120 10.174341447127743
1121 10.180095659343545
1122 10.204384053566303
1123 10.200140268183008
1124 10.202204516007871
1125 10.239694396801047
1126 10.221741627361034
1127 10.21926351982489
1128 10.232020139101477
1129 10.21867741757941
1130 10.237495684314494
1131 10.238411090542485
1132 10.236992892268212
1133 10.22521301660383
1134 10.217937643408534
1135 10.198971114079987
1136 10.1946496875397
1137 10.19846792746902
1138 10.198113460662316
1139 10.209285168192991
1140 10.257686734303286
1141 10.254000399693766
1142 10.251323547807656
1143 10.265129988033657
1144 10.297859356846338
1145 10.30594146487479
1146 10.308701295721443
1147 10.406381503586921
1148 10.431840570157783
1149 10.448600103711032
1150 10.438566472895152
1151 10.430934867427942
1152 10.436495323235768
1153 10.44946475636667
1154 10.447981870868688
1155 10.452757722931464
1156 10.475072283192677
1157 10.461433089235367
1158 10.454978422538003
1159 10.464875198375234
1160 10.463442711450133
1161 10.464419331318483
1162 10.47444224005582
1163 10.480795057890942
1164 10.510561733874097
1165 10.526792304409005
1166 10.522180547171125
1167 10.520404934536913
1168 10.504051407044392
1169 10.478728908651455
1170 10.541602880051466
1171 10.495805878379333
1172 10.508183774951998
1173 10.506931554639213
1174 10.528352145012418
1175 10.530729411645705
1176 10.4840719544077
1177 10.529648953195418
1178 10.526595242665975
1179 10.537775255620343
1180 10.539552875149177
1181 10.530693361757463
1182 10.525211231448095
1183 10.540563463394848
1184 10.541508840519924
1185 10.538050715330268
1186 10.56314309739336
1187 10.582798198224525
1188 10.595940992513713
1189 10.645212970048615
1190 10.69360988969332
1191 10.686536906870177
1192 10.675287398184828
1193 10.695823517742157
1194 10.685414545481663
1195 10.687149569963484
1196 10.62748881260856
1197 10.633265315909838
1198 10.665904932790669
1199 10.669472935147128
1200 10.64400245750615
1201 10.652022844764291
1202 10.630423653429084
1203 10.660965420137636
1204 10.651974591588383
1205 10.684392144233012
1206 10.688799060801458
1207 10.69124102886851
1208 10.685152807779783
1209 10.668757700716931
1210 10.682264802352616
1211 10.657469450487946
1212 10.678879245786156
1213 10.658758465977922
1214 10.647017675739187
1215 10.648759331854377
1216 10.652154110004108
1217 10.696017291317888
1218 10.713237294489025
1219 10.665349599276464
1220 10.69537312078402
1221 10.695237441121003
1222 10.691224653575915
1223 10.690330428503374
1224 10.756860635615782
e