set 		title 'Ichimoku Cloud' font ',18'
set 		terminal wxt size 1800,900
set 		style line 5 lt rgb 'cyan' lw 3 pt 6
plot '-'  with filledcurves fs solid 0.1, '-' lw 1 lc rgb 'black' with lines, '-' lw 1 lc rgb '#5555CC' with lines, '-' lw 1 lc rgb 'red' with lines, '-' lw 1 lc rgb 'gray' with lines, '-' lw 1 lc rgb 'gray' with lines
0 0 0
1 0 0
2 0 0
3 0 0
4 0 0
5 0 0
6 0 0
7 0 0
8 0 0
9 0 0
10 0 0
11 0 0
12 0 0
13 0 0
14 0 0
15 0 0
16 0 0
17 0 0
18 0 0
19 0 0
20 0 0
21 0 0
22 0 0
23 0 0
24 0 0
25 0 0
26 0 0
27 0 0
28 0 0
29 0 0
30 0 0
31 0 0
32 0 0
33 0 0
34 0 0
35 0 0
36 0 0
37 0 0
38 0 0
39 0 0
40 0 0
41 0 0
42 0 0
43 0 0
44 0 0
45 0 0
46 0 0
47 0 0
48 0 0
49 0 0
50 0 0
51 0 0
52 0 0
53 0 0
54 0 0
55 0 0
56 0 0
57 0 0
58 0 0
59 0 0
60 0 0
61 0 0
62 0 0
63 0 0
64 0 0
65 0 0
66 0 0
67 0 0
68 0 0
69 0 0
70 0 0
71 0 0
72 0 0
73 0 0
74 0 0
75 0 0
76 0 0
77 0 0
78 0 0
79 0 0
80 0 0
81 0 0
82 0 0
83 0 0
84 0 0
85 0 0
86 0 0
87 0 0
88 0 0
89 5468.9625 0
90 5444.8925 0
91 5321.9 0
92 5251.1975 0
93 5251.1975 0
94 5257.4475 0
95 5257.4475 0
96 5257.4475 0
97 5290.200000000001 0
98 5312.655000000001 0
99 5406.955 0
100 5406.955 0
101 5464.2075 0
102 5464.2075 0
103 5464.2075 0
104 5464.2075 0
105 5464.2075 0
106 5464.2075 0
107 5464.2075 0
108 5490.202499999999 0
109 5543.799999999999 0
110 5838.625 0
111 5838.625 0
112 5852.1525 0
113 5897.92 0
114 5931 0
115 5931 0
116 6040.8225 0
117 6058.37 0
118 6058.37 0
119 11979.49 0
120 12099.75 0
121 12130.365 0
122 12135.7175 0
123 12137.5 0
124 12223.25 0
125 12970.1025 0
126 13075.1025 0
127 13182.5025 0
128 13260.335000000001 0
129 13307.205 0
130 13307.205 0
131 13316.705 0
132 13504.555 0
133 13574.205 0
134 13574.205 0
135 13587.955 0
136 13810.76 0
137 14315.605 0
138 14692.067500000001 0
139 14744.407500000001 0
140 15111.335000000001 0
141 15197.175000000001 0
142 15221.9325 0
143 15267.7 0
144 15494.235 0
145 15557.605 0
146 15557.605 0
147 15565.7975 0
148 15614.355 0
149 15634.3675 0
150 15823.842499999999 0
151 15866.8775 0
152 15894.715 0
153 15956.5 0
154 16098.64 0
155 16162.657500000001 0
156 16162.657500000001 0
157 16327.22 0
158 16408.0125 0
159 16505.114999999998 0
160 16555.17 0
161 16604.16 0
162 16661.5 0
163 16661.5 0
164 16687.68 0
165 16723.75 0
166 17663.555 0
167 18798.989999999998 0
168 18866.3975 0
169 19104.4725 0
170 19364.02 0
171 19374.52 0
172 19385.75 0
173 19385.75 0
174 19385.75 0
175 19663.93 0
176 20765.035 0
177 21657.5825 0
178 21869 0
179 21902.845 19123.5
180 22189.845 19410.5
181 22341.845 19562.5
182 22514.33 19712.5
183 24424.3325 21562.5
184 25305.5275 22314.055
185 25368.1925 22314.055
186 25368.1925 22314.055
187 26538.6575 23460.11
188 28276.9675 25217.915
189 29136.197500000002 26043.41
190 29186.252500000002 26043.41
191 29340.335 26043.41
192 29570.28 26043.41
193 29642.5 26043.41
194 29681.18 26043.41
195 29760.65 26043.41
196 30329.5 26043.41
197 30475.75 26043.41
198 30475.75 26043.41
199 30475.75 26043.41
200 30475.75 26043.41
201 30610.35 26043.41
202 30672 26070.465
203 30697.855 26162
204 30880.4 26162
205 31147 26162
206 31509.52 26162
207 31661.39 26162
208 31824.25 26162
209 32198.0825 26162
210 32330.5825 26162
211 32400.5825 26223.23
212 32400.5825 26233.935
213 32400.5825 26237.5
214 32400.5825 26237.5
215 32580.5825 26240.205
216 32580.5825 26240.205
217 32580.5825 26389.5
218 32580.5825 26500.255
219 32438.0825 26561
220 35002.807499999995 28983.225
221 35788.770000000004 29671.095
222 35961.375 29671.095
223 36301.95 29939.45
224 36467.9 30092.9
225 36525.05 30120.4
226 37373.715 30526.825
227 37519.965 30557.695
228 38010.84 31183.385000000002
229 38975.619999999995 32252.845
230 38975.619999999995 32648.41
231 40984.85 34544.04
232 41712.729999999996 35232.729999999996
233 42162.685 35558.9
234 42345.229999999996 35558.9
235 42611.83 35620.4
236 42911.83 35620.4
237 42956.83 35636.785
238 43106.925 35733.9
239 43985.25 35773.925
240 44181.817500000005 35773.925
241 44251.817500000005 35773.925
242 44282.94 35818.895000000004
243 44563.4 35938.9
244 45049.494999999995 36223.18
245 45429.3875 36348.51
246 45531.4 36348.51
247 45726.65 36528.340000000004
248 45726.65 36579.17
249 45886.1225 36712.630000000005
250 47138.9 36812.740000000005
251 47138.9 36896.72
252 47138.9 37011.4
253 48884.5 38757
254 48884.5 38809.36
255 48884.5 38854
256 48884.5 39016
257 48884.5 39016
258 48884.5 39016
259 48884.5 39016
260 48884.5 39016
261 48884.5 39016
262 48884.5 39016
263 48982.43 39016
264 48982.43 39016
265 48982.43 39016
266 48982.43 39141.04
267 48982.43 39354.78
268 49132.525 39680.5
269 49650.85 39708.165
270 50202.55 39708.165
271 50539.917499999996 39708.165
272 50571.04 39708.165
273 50851.5 39708.165
274 51337.595 39708.165
275 51729.9875 39708.165
276 52285.05 39708.165
277 52578.417499999996 39708.165
278 52866.64 39708.165
279 53026.1125 39708.165
280 54278.89 39708.165
281 54278.89 39932.35
282 54278.89 40277.56
283 54249.0875 40422
284 55245.774999999994 41413.884999999995
285 55783.89 42066.3
286 55783.89 43042
287 55783.89 43334.5
288 55783.89 43334.5
289 55783.89 43334.5
290 55783.89 43334.5
291 55783.89 43603.7
292 55783.89 43727
293 55783.89 43778.71
294 55052 44143.8
295 55052 44677
296 54909.5 45277
297 54909.5 45367
298 54909.5 45367
299 54909.5 46087
300 55397.1325 46352
301 55734.5 46492
302 55734.5 46492
303 55734.5 46492
304 55734.5 46492
305 55892 46852
306 55892 46852
307 55892 46852
308 55892 46852
309 55892 46852
310 55892 46852
311 55892 46852
312 55892 46852
313 55892 46852
314 55427 46852
315 55163.5 46852
316 55093.6525 46852
317 53752.707500000004 46852
318 52338.75 46852
319 52089 46852
320 46088.5 46852
321 46088.5 46852
322 46088.5 46852
323 46088.5 47047.86
324 46088.5 47047.86
325 46088.5 47047.86
326 46088.5 47047.86
327 46088.5 47047.86
328 46088.5 47348.05
329 46088.5 47427
330 46088.5 47427
331 46088.5 47427
332 46088.5 47427
333 46088.5 47427
334 46088.5 47427
335 46088.5 47427
336 46088.5 47427
337 46088.5 47427
338 46088.5 47427
339 46088.5 47427
340 46088.5 47427
341 45713.5025 47427
342 45713.5025 47427
343 44084.25 47427
344 44084.25 47427
345 43625 47427
346 43329.125 47427
347 42298.0125 47427
348 41574.5725 47427
349 40771.225 47427
350 40737.917499999996 47427
351 40675 47427
352 40457.5 47427
353 40457.5 47427
354 39610 46829.5
355 39610 46829.5
356 39610 46829.5
357 39610 46829.5
358 39610 46829.5
359 39610 46829.5
360 39610 46829.5
361 39610 46829.5
362 39610 46829.5
363 39610 46829.5
364 39610 46829.5
365 39610 46829.5
366 39610 46829.5
367 39610 46829.5
368 39610 46829.5
369 39610 46829.5
370 39610 46829.5
371 39235.0025 46829.5
372 39235.0025 46829.5
373 37605.75 46829.5
374 37605.75 46829.5
375 37410 46829.5
376 37183.9725 46829.5
377 36205.785 46829.5
378 35742.2925 46829.5
379 34849.435 46829.5
380 34165.417499999996 46829.5
381 34102.5 46829.5
382 33885 46829.5
383 33885 46829.5
384 34003.25 46829.5
385 34003.25 46829.5
386 34003.25 46829.5
387 34003.25 46829.5
388 34990.75 46829.5
389 34990.75 46829.5
390 35078.25 46829.5
391 35078.25 46829.5
392 35679.104999999996 46829.5
393 35744.75 46829.5
394 35820.25 46829.5
395 35820.25 46829.5
396 35820.25 46829.5
397 35820.25 46829.5
398 35820.25 46829.5
399 36216.965 46829.5
400 36870.75 46829.5
401 37175.75 46829.5
402 37747.825 46829.5
403 37870.75 46829.5
404 37892.485 46829.5
405 37892.485 46302.5
406 38463.75 46162.805
407 38592.75 45655.525
408 38592.75 44652
409 38592.75 44152.5
410 38592.75 44152.5
411 38592.75 44152.5
412 38643.9025 44152.5
413 39819.744999999995 44152.5
414 40179.100000000006 44152.5
415 40548.305 44152.5
416 41032.28 44152.5
417 41370.945 44152.5
418 41665.25 44152.5
419 41902.675 44152.5
420 41902.675 44152.5
421 41902.675 44152.5
422 41902.675 44152.5
423 41902.675 44152.5
424 41902.675 44152.5
425 41902.675 44152.5
426 41902.675 44152.5
427 42152.675 44152.5
428 42782.965 44152.5
429 43881.1025 44152.5
430 44404.25 44152.5
431 44474.25 43402.505000000005
432 44490.2625 43402.505000000005
433 44490.2625 40862.5
434 44490.2625 40862.5
435 44490.2625 40862.5
436 44490.2625 40862.5
437 44490.2625 40862.5
438 44490.2625 40862.5
439 44490.2625 40862.5
440 44490.2625 40862.5
441 44490.2625 40862.5
442 44541.415 40862.5
443 45097.7625 40862.5
444 45066.08 40862.5
445 44710.285 40862.5
446 44822.78 40862.5
447 45161.445 40862.5
448 45455.75 40862.5
449 45693.175 40862.5
450 45693.175 40862.5
451 45693.175 40862.5
452 45693.175 40862.5
453 45693.175 40862.5
454 45693.175 40862.5
455 45693.175 40862.5
456 45693.175 40862.5
457 45693.175 40862.5
458 46260 40862.5
459 46260 40862.5
460 47675 42277.5
461 47675 42277.5
462 47850 42452.5
463 47850 42452.5
464 48080.655 42683.155
465 48719.520000000004 43322.020000000004
466 48719.520000000004 43322.020000000004
467 48719.520000000004 43322.020000000004
468 49066.270000000004 43668.770000000004
469 51266.5 45869
470 51266.5 45869
471 51266.5 45869
472 51266.5 45869
473 52043 46645.5
474 53300 48139
475 53541.3475 48139
476 53568.75 48139
477 53568.75 48139
478 53587.5 48139
479 53587.5 48139
480 53588.47 48139
481 53588.47 48139
482 53588.47 48139
483 53752.542499999996 48139
484 54220.7575 48139
485 55122.75 48139
486 55122.75 48139
487 55122.75 48139
488 55655.6 48139
489 55995.6025 48139
490 56739.25 48139
491 56804.4025 48139
492 56815.417499999996 48139
493 57264.25 48533.5
494 57631.875 48901.125
495 57869.75 49139
496 57941.7975 49139
497 58604.5125 49139
498 58612.5 49139
499 58855 49139
e
0 11921.97
1 11388.54
2 10140.85
3 10446.25
4 10166.69
5 10256.2
6 10373.44
7 10126.65
8 10219.2
9 10336.87
10 10387.89
11 10440.92
12 10332.83
13 10671.77
14 10785.31
15 10954.01
16 10939.99
17 10933.39
18 11080.65
19 10920.28
20 10417.22
21 10529.61
22 10241.46
23 10736.32
24 10686.67
25 10728.6
26 10774.25
27 10696.12
28 10840.48
29 10776.59
30 10619.13
31 10570.4
32 10542.06
33 10666.63
34 10792.21
35 10599.66
36 10666.39
37 10925.57
38 11050.64
39 11293.22
40 11369.02
41 11528.25
42 11420.56
43 11417.89
44 11505.12
45 11319.32
46 11360.2
47 11503.14
48 11751.47
49 11909.99
50 12780.96
51 12968.52
52 12923.07
53 13111.73
54 13028.83
55 13052.19
56 13636.17
57 13266.4
58 13455.7
59 13560.1
60 13791
61 13761.5
62 13549.37
63 14023.53
64 14144.01
65 15590.02
66 15579.92
67 14818.3
68 15475.1
69 15328.41
70 15297.21
71 15684.24
72 16291.86
73 16320.7
74 16070.45
75 15957
76 16713.57
77 17659.38
78 17776.12
79 17802.82
80 18655.67
81 18703.8
82 18414.43
83 18368
84 19160.01
85 18719.11
86 17149.47
87 17139.52
88 17719.85
89 18184.99
90 19695.87
91 18764.96
92 19204.09
93 19421.9
94 18650.52
95 19147.66
96 19359.4
97 19166.9
98 18324.11
99 18541.28
100 18254.63
101 18036.53
102 18808.69
103 19174.99
104 19273.14
105 19426.43
106 21335.52
107 22797.16
108 23107.39
109 23821.61
110 23455.52
111 22719.71
112 23810.79
113 23232.76
114 23729.2
115 24712.47
116 26493.39
117 26281.66
118 27079.41
119 27385
120 28875.54
121 28923.63
122 29331.69
123 32178.33
124 33000.05
125 31988.71
126 33949.53
127 36769.36
128 39432.28
129 40582.81
130 40088.22
131 38150.02
132 35404.47
133 34051.24
134 37371.38
135 39144.5
136 36742.22
137 35994.98
138 35828.61
139 36631.27
140 35891.49
141 35468.23
142 30850.13
143 32945.17
144 32078
145 32259.9
146 32254.2
147 32467.77
148 30366.15
149 33364.86
150 34252.2
151 34262.88
152 33092.98
153 33526.37
154 35466.24
155 37618.87
156 36936.66
157 38290.24
158 39186.94
159 38795.69
160 46374.87
161 46420.42
162 44807.58
163 47969.51
164 47287.6
165 47153.69
166 48577.79
167 47911.1
168 49133.45
169 52119.71
170 51552.6
171 55906
172 55841.19
173 57408.57
174 54087.67
175 48891
176 49676.2
177 47073.73
178 46276.87
179 46106.43
180 45135.66
181 49587.03
182 48440.65
183 50349.37
184 48374.09
185 48751.71
186 48882.2
187 50971.75
188 52375.17
189 54884.5
190 55851.59
191 57773.16
192 57221.72
193 61188.39
194 58968.31
195 55605.2
196 56900.75
197 58912.97
198 57648.16
199 58030.01
200 58102.28
201 57351.56
202 54083.25
203 54340.89
204 52303.65
205 51293.78
206 55025.59
207 55817.14
208 55777.63
209 57635.47
210 58746.57
211 58740.55
212 58720.44
213 58950.01
214 57051.94
215 58202.01
216 59129.99
217 57991.15
218 55953.45
219 58077.52
220 58142.54
221 59769.13
222 60002.43
223 59860
224 63575
225 62959.53
226 63159.98
227 61334.8
228 60006.66
229 56150.01
230 55633.14
231 56425
232 53787.63
233 51690.96
234 51125.14
235 50047.84
236 49066.77
237 54001.39
238 55011.97
239 54846.22
240 53555
241 57694.27
242 57800.37
243 56578.21
244 57169.39
245 53200.01
246 57436.11
247 56393.68
248 57314.75
249 58862.05
250 58240.84
251 55816.14
252 56670.02
253 49631.32
254 49670.97
255 49841.45
256 46762.99
257 46431.5
258 43538.04
259 42849.78
260 36690.09
261 40526.64
262 37252.01
263 37449.73
264 34655.25
265 38796.29
266 38324.72
267 39241.91
268 38529.98
269 35663.49
270 34605.15
271 35641.27
272 37253.81
273 36693.09
274 37568.68
275 39246.79
276 36829
277 35513.2
278 35796.31
279 33552.79
280 33380.81
281 37388.05
282 36675.72
283 37331.98
284 35546.11
285 39020.57
286 40516.29
287 40144.04
288 38349.01
289 38092.97
290 35819.84
291 35483.72
292 35600.16
293 31608.93
294 32509.56
295 33678.07
296 34663.09
297 31584.45
298 32283.65
299 34700.34
300 34494.89
301 35911.73
302 35045
303 33504.69
304 33786.55
305 34669.13
306 35286.51
307 33690.14
308 34220.01
309 33862.12
310 32875.71
311 33815.81
312 33502.87
313 34258.99
314 33086.63
315 32729.77
316 32820.02
317 31880
318 31383.87
319 31520.07
320 31778.56
321 30839.65
322 29790.35
323 32144.51
324 32287.83
325 33634.09
326 34258.14
327 35381.02
328 37237.6
329 39457.87
330 40019.56
331 40016.48
332 42206.37
333 41461.83
334 39845.44
335 39147.82
336 38207.05
337 39723.18
338 40862.46
339 42836.87
340 44572.54
341 43794.37
342 46253.4
343 45584.99
344 45511
345 44399
346 47800
347 47068.51
348 46973.82
349 45901.29
350 44695.95
351 44705.29
352 46760.62
353 49322.47
354 48821.87
355 49239.22
356 49488.85
357 47674.01
358 48973.32
359 46843.87
360 49069.9
361 48895.35
362 48767.83
363 46982.91
364 47100.89
365 48810.52
366 49246.64
367 49999.14
368 49915.64
369 51756.88
370 52663.9
371 46863.73
372 46048.31
373 46395.14
374 44850.91
375 45173.69
376 46025.24
377 44940.73
378 47111.52
379 48121.41
380 47737.82
381 47299.98
382 48292.74
383 47241.75
384 43015.62
385 40734.38
386 43543.61
387 44865.26
388 42810.57
389 42670.64
390 43160.9
391 42147.35
392 41026.54
393 41524.28
394 43824.1
395 48141.61
396 47634.9
397 48200.01
398 49224.94
399 51471.99
400 55315
401 53785.22
402 53951.43
403 54949.72
404 54659
405 57471.35
406 55996.93
407 57367
408 57347.94
409 61672.42
410 60875.57
411 61528.33
412 62009.84
413 64280.59
414 66001.41
415 62193.15
416 60688.22
417 61286.75
418 60852.22
419 63078.78
420 60328.81
421 58413.44
422 60575.89
423 62253.71
424 61859.19
425 61299.8
426 60911.11
427 63219.99
428 62896.48
429 61395.01
430 60937.12
431 61470.61
432 63273.59
433 67525.83
434 66947.66
435 64882.43
436 64774.26
437 64122.23
438 64380
439 65519.1
440 63606.74
441 60058.87
442 60344.87
443 56891.62
444 58052.24
445 59707.51
446 58622.02
447 56247.18
448 57541.27
449 57138.29
450 58960.36
451 53726.53
452 54721.03
453 57274.88
454 57776.25
455 56950.56
456 57184.07
457 56480.34
458 53601.05
459 49152.47
460 49396.33
461 50441.92
462 50588.95
463 50471.19
464 47545.59
465 47140.54
466 49389.99
467 50053.9
468 46702.75
469 48343.28
470 48864.98
471 47632.38
472 46131.2
473 46834.48
474 46681.23
475 46914.16
476 48889.88
477 48588.16
478 50838.81
479 50820
480 50399.66
481 50775.49
482 50701.44
483 47543.74
484 46464.66
485 47120.87
486 46216.93
487 47722.65
488 47286.18
489 46446.1
490 45832.01
491 43451.13
492 43082.31
493 41566.48
494 41679.74
495 41864.62
496 41822.49
497 42729.29
498 43902.66
499 42560.11
e
0 0
1 0
2 0
3 0
4 0
5 0
6 0
7 0
8 0
9 0
10 0
11 0
12 0
13 0
14 0
15 0
16 0
17 0
18 0
19 0
20 0
21 0
22 0
23 0
24 0
25 0
26 0
27 0
28 0
29 10937.925
30 10889.785
31 10643.8
32 10502.395
33 10502.395
34 10514.895
35 10514.895
36 10514.895
37 10580.400000000001
38 10625.310000000001
39 10813.91
40 10813.91
41 10928.415
42 10928.415
43 10928.415
44 10928.415
45 10928.415
46 10928.415
47 10928.415
48 10980.404999999999
49 11087.599999999999
50 11677.25
51 11677.25
52 11704.305
53 11795.84
54 11862
55 11862
56 12081.645
57 12116.74
58 12116.74
59 12116.74
60 12237
61 12298.23
62 12308.935000000001
63 12312.5
64 12392
65 13140.205
66 13245.205
67 13394.5
68 13505.255000000001
69 13566
70 13566
71 13582.5
72 13770.35
73 13840
74 13840
75 13867.5
76 14113.11
77 14633.39
78 15077.26
79 15181.94
80 15746.650000000001
81 15842.990000000002
82 15865.45
83 15865.45
84 16091.985
85 16186.105
86 16186.105
87 16202.49
88 16299.605
89 16339.63
90 16529.105
91 16541.525
92 16586.495
93 16706.5
94 16990.78
95 17116.11
96 17116.11
97 17295.94
98 17346.77
99 17480.23
100 17580.34
101 17664.32
102 17779
103 17779
104 17831.36
105 17876
106 18874
107 19994
108 19994
109 20179.735
110 20241.5
111 20241.5
112 20241.5
113 20241.5
114 20241.5
115 20488.93
116 21652.555
117 22643.78
118 22969.5
119 22997.165
120 23284.165
121 23436.165
122 23586.165
123 25436.165
124 26175.22
125 26175.22
126 26175.22
127 27255.77
128 28968.665
129 29761.165
130 29761.165
131 29985.35
132 30330.559999999998
133 30475
134 30500
135 30614.3
136 31590
137 31882.5
138 31882.5
139 31882.5
140 31882.5
141 32151.7
142 32275
143 32326.71
144 32691.8
145 33225
146 33825
147 33915
148 33915
149 34635
150 34900
151 35040
152 35040
153 35040
154 35040
155 35400
156 35400
157 35400
158 35400
159 35115
160 37822.225
161 38496.095
162 38496.095
163 38764.45
164 38917.9
165 38917.9
166 39278.715
167 39278.715
168 39769.59
169 40734.369999999995
170 40734.369999999995
171 42609
172 43275.229999999996
173 43797.26
174 43797.26
175 43797.26
176 43797.26
177 43797.26
178 44097.45
179 45134.100000000006
180 45262.235
181 45262.235
182 45324.48
183 45885.4
184 46857.59
185 47257.375
186 47461.4
187 47851.9
188 47851.9
189 48170.845
190 50676.4
191 50676.4
192 50676.4
193 52422
194 52422
195 52422
196 52422
197 52422
198 52422
199 52422
200 52422
201 52422
202 52422
203 52422
204 52422
205 52422
206 52422
207 52422
208 52422
209 52422
210 53397.265
211 54072
212 54072
213 54072
214 54072
215 54457
216 55363.1
217 55559.335
218 56135.78
219 56135.78
220 56135.78
221 56135.78
222 56135.78
223 56076.175
224 57102.66499999999
225 57640.78
226 57640.78
227 57640.78
228 57640.78
229 57640.78
230 57640.78
231 57640.78
232 57640.78
233 57640.78
234 56177
235 56177
236 55892
237 55892
238 55892
239 55892
240 55892
241 55892
242 55892
243 55892
244 55892
245 55892
246 55892
247 55892
248 55892
249 55892
250 55892
251 55892
252 55892
253 55892
254 55427
255 54900
256 54760.305
257 53165.72
258 51250
259 50750.5
260 44750
261 44750
262 44750
263 44750
264 44750
265 44750
266 44750
267 44750
268 44750
269 44750
270 44750
271 44750
272 44750
273 44750
274 44750
275 44750
276 44750
277 44750
278 44750
279 44750
280 44750
281 44000.005000000005
282 44000.005000000005
283 40741.5
284 40741.5
285 40350
286 39897.945
287 38343
288 37899.645000000004
289 36792.45
290 36725.835
291 36600
292 36165
293 36165
294 35067.5
295 35067.5
296 35067.5
297 35067.5
298 35067.5
299 35067.5
300 35067.5
301 35067.5
302 35067.5
303 35067.5
304 35067.5
305 35067.5
306 35067.5
307 35067.5
308 35067.5
309 35067.5
310 35067.5
311 35067.5
312 35067.5
313 35067.5
314 35067.5
315 35067.5
316 35067.5
317 34666.07
318 34182.44
319 33503.92
320 32702.5
321 32702.5
322 32702.5
323 32702.5
324 32939
325 32939
326 32939
327 32939
328 34914
329 34914
330 35089
331 35089
332 35797.354999999996
333 35863
334 35938.5
335 35938.5
336 35938.5
337 35938.5
338 35938.5
339 36335.215
340 36989
341 37294
342 37866.075
343 37989
344 38010.735
345 38010.735
346 38582
347 38711
348 38711
349 38711
350 38711
351 38711
352 38813.305
353 40545.494999999995
354 40840.68
355 41579.09
356 42175.56
357 42852.89
358 43441.5
359 43916.35
360 43916.35
361 43916.35
362 43916.35
363 43916.35
364 43916.35
365 43916.35
366 43916.35
367 44166.35
368 45426.93
369 47173.205
370 47779.5
371 47849.5
372 47881.525
373 47881.525
374 47881.525
375 47881.525
376 47881.525
377 47881.525
378 47881.525
379 47881.525
380 47881.525
381 47881.525
382 47881.525
383 47881.525
384 47710
385 46260
386 46260
387 46260
388 46260
389 46260
390 46260
391 46260
392 46260
393 46260
394 46260
395 46260
396 46260
397 46260
398 46260
399 46260
400 47675
401 47675
402 47850
403 47850
404 48080.655
405 48719.520000000004
406 48719.520000000004
407 48719.520000000004
408 49066.270000000004
409 51266.5
410 51266.5
411 51266.5
412 51266.5
413 52043
414 53300
415 53782.695
416 53837.5
417 53837.5
418 53875
419 53875
420 53876.94
421 53876.94
422 53876.94
423 54205.085
424 55141.515
425 56945.5
426 56945.5
427 56945.5
428 58011.2
429 58691.205
430 60178.5
431 60308.805
432 60330.835
433 60834
434 61201.625
435 61439.5
436 61583.595
437 62909.025
438 62925
439 63410
440 63410
441 63410
442 63410
443 62737.130000000005
444 62300
445 62300
446 62300
447 62300
448 62158.5
449 62158.5
450 62158.5
451 61250
452 61250
453 61128.32
454 61128.32
455 61128.32
456 61128.32
457 61128.32
458 60340
459 55500.15
460 55500.15
461 55500.15
462 55500.15
463 55500.15
464 55500.15
465 54201.060000000005
466 54201.060000000005
467 54201.060000000005
468 54201.060000000005
469 54201.060000000005
470 52808.805
471 51488.15
472 51488.15
473 51015.03
474 51015.03
475 51015.03
476 50722.15
477 50699.600000000006
478 50699.600000000006
479 50699.600000000006
480 50588.645000000004
481 50588.645000000004
482 50588.645000000004
483 50588.645000000004
484 50588.645000000004
485 50526.925
486 49800.15
487 49800.15
488 47929.7
489 48772
490 48772
491 47294
492 47259.29
493 46349
494 46294.5
495 46294.5
496 45869
497 45869
498 45869
499 45869
e
0 0
1 0
2 0
3 0
4 0
5 0
6 0
7 0
8 0
9 0
10 0
11 0
12 0
13 0
14 0
15 0
16 0
17 0
18 0
19 0
20 0
21 0
22 0
23 0
24 0
25 0
26 0
27 0
28 0
29 0
30 0
31 0
32 0
33 0
34 0
35 0
36 0
37 0
38 0
39 0
40 0
41 0
42 0
43 0
44 0
45 0
46 0
47 0
48 0
49 0
50 0
51 0
52 0
53 0
54 0
55 0
56 0
57 0
58 0
59 11842.24
60 11962.5
61 11962.5
62 11962.5
63 11962.5
64 12054.5
65 12800
66 12905
67 12970.505000000001
68 13015.415
69 13048.41
70 13048.41
71 13050.91
72 13238.76
73 13308.41
74 13308.41
75 13308.41
76 13508.41
77 13997.82
78 14306.875
79 14306.875
80 14476.02
81 14551.36
82 14578.415
83 14669.95
84 14896.485
85 14929.105
86 14929.105
87 14929.105
88 14929.105
89 14929.105
90 15118.58
91 15192.23
92 15202.935000000001
93 15206.5
94 15206.5
95 15209.205
96 15209.205
97 15358.5
98 15469.255000000001
99 15530
100 15530
101 15544
102 15544
103 15544
104 15544
105 15571.5
106 16453.11
107 17603.98
108 17738.795
109 18029.21
110 18486.54
111 18507.54
112 18530
113 18530
114 18530
115 18838.93
116 19877.515
117 20671.385000000002
118 20768.5
119 20808.525
120 21095.525
121 21247.525
122 21442.495
123 23412.5
124 24435.835
125 24561.165
126 24561.165
127 25821.545
128 27585.27
129 28511.23
130 28611.34
131 28695.32
132 28810
133 28810
134 28862.36
135 28907
136 29069
137 29069
138 29069
139 29069
140 29069
141 29069
142 29069
143 29069
144 29069
145 29069
146 29194.04
147 29407.78
148 29733.5
149 29761.165
150 29761.165
151 29761.165
152 29761.165
153 29761.165
154 29761.165
155 29761.165
156 29761.165
157 29761.165
158 29761.165
159 29761.165
160 32183.39
161 33081.445
162 33426.655
163 33839.45
164 34017.9
165 34132.2
166 35468.715
167 35761.215
168 36252.09
169 37216.869999999995
170 37216.869999999995
171 39360.7
172 40150.229999999996
173 40528.11
174 40893.2
175 41426.4
176 42026.4
177 42116.4
178 42116.4
179 42836.4
180 43101.4
181 43241.4
182 43241.4
183 43241.4
184 43241.4
185 43601.4
186 43601.4
187 43601.4
188 43601.4
189 43601.4
190 43601.4
191 43601.4
192 43601.4
193 45347
194 45347
195 45347
196 45347
197 45347
198 45347
199 45347
200 45347
201 45347
202 45347
203 45542.86
204 45542.86
205 45542.86
206 45542.86
207 45542.86
208 45843.05
209 46879.7
210 47007.835
211 47007.835
212 47070.08
213 47631
214 48603.19
215 49002.975
216 49207
217 49597.5
218 49597.5
219 49916.445
220 52422
221 52422
222 52422
223 52422
224 53388.884999999995
225 53927
226 53927
227 53927
228 53927
229 53927
230 53927
231 53927
232 53927
233 53927
234 53927
235 53927
236 53927
237 53927
238 53927
239 53927
240 54902.265
241 55577
242 55577
243 55577
244 55577
245 55892
246 55892
247 55892
248 55892
249 55892
250 55892
251 55892
252 55892
253 55892
254 55427
255 55427
256 55427
257 54339.695
258 53427.5
259 53427.5
260 47427
261 47427
262 47427
263 47427
264 47427
265 47427
266 47427
267 47427
268 47427
269 47427
270 47427
271 47427
272 47427
273 47427
274 47427
275 47427
276 47427
277 47427
278 47427
279 47427
280 47427
281 47427
282 47427
283 47427
284 47427
285 46900
286 46760.305
287 46253.025
288 45249.5
289 44750
290 44750
291 44750
292 44750
293 44750
294 44152.5
295 44152.5
296 44152.5
297 44152.5
298 44152.5
299 44152.5
300 44152.5
301 44152.5
302 44152.5
303 44152.5
304 44152.5
305 44152.5
306 44152.5
307 44152.5
308 44152.5
309 44152.5
310 44152.5
311 43402.505000000005
312 43402.505000000005
313 40144
314 40144
315 39752.5
316 39300.445
317 37745.5
318 37302.145000000004
319 36194.95
320 35628.335
321 35502.5
322 35067.5
323 35067.5
324 35067.5
325 35067.5
326 35067.5
327 35067.5
328 35067.5
329 35067.5
330 35067.5
331 35067.5
332 35560.854999999996
333 35626.5
334 35702
335 35702
336 35702
337 35702
338 35702
339 36098.715
340 36752.5
341 37057.5
342 37629.575
343 37752.5
344 37774.235
345 37774.235
346 38345.5
347 38474.5
348 38474.5
349 38474.5
350 38474.5
351 38474.5
352 38474.5
353 39093.994999999995
354 39517.520000000004
355 39517.520000000004
356 39889
357 39889
358 39889
359 39889
360 39889
361 39889
362 39889
363 39889
364 39889
365 39889
366 39889
367 40139
368 40139
369 40589
370 41029
371 41099
372 41099
373 41099
374 41099
375 41099
376 41099
377 41099
378 41099
379 41099
380 41099
381 41099
382 41201.305
383 42314
384 42422.16
385 43160.57
386 43385.56
387 44062.89
388 44651.5
389 45126.35
390 45126.35
391 45126.35
392 45126.35
393 45126.35
394 45126.35
395 45126.35
396 45126.35
397 45126.35
398 46260
399 46260
400 47675
401 47675
402 47850
403 47850
404 48080.655
405 48719.520000000004
406 48719.520000000004
407 48719.520000000004
408 49066.270000000004
409 51266.5
410 51266.5
411 51266.5
412 51266.5
413 52043
414 53300
415 53300
416 53300
417 53300
418 53300
419 53300
420 53300
421 53300
422 53300
423 53300
424 53300
425 53300
426 53300
427 53300
428 53300
429 53300
430 53300
431 53300
432 53300
433 53694.5
434 54062.125
435 54300
436 54300
437 54300
438 54300
439 54300
440 54300
441 54300
442 54300
443 54300
444 54300
445 54782.695
446 54837.5
447 54837.5
448 54875
449 54875
450 54876.94
451 54876.94
452 54876.94
453 55205.085
454 56141.515
455 57945.5
456 57945.5
457 57945.5
458 59011.2
459 55500.15
460 55500.15
461 55500.15
462 55500.15
463 55500.15
464 55500.15
465 55500.15
466 55500.15
467 55500.15
468 55500.15
469 55500.15
470 55500.15
471 55500.15
472 55500.15
473 55500.15
474 55500.15
475 55500.15
476 55500.15
477 55500.15
478 55500.15
479 55500.15
480 55500.15
481 55500.15
482 55500.15
483 55500.15
484 55500.15
485 55500.15
486 55500.15
487 55500.15
488 55500.15
489 55500.15
490 55500.15
491 55500.15
492 55500.15
493 54805
494 54750.5
495 53451.41
496 53025.91
497 53025.91
498 53025.91
499 53025.91
e
0 0
1 0
2 0
3 0
4 0
5 0
6 0
7 0
8 0
9 0
10 0
11 0
12 0
13 0
14 0
15 0
16 0
17 0
18 0
19 0
20 0
21 0
22 0
23 0
24 0
25 0
26 0
27 0
28 0
29 0
30 0
31 0
32 0
33 0
34 0
35 0
36 0
37 0
38 0
39 0
40 0
41 0
42 0
43 0
44 0
45 0
46 0
47 0
48 0
49 0
50 0
51 0
52 0
53 0
54 0
55 0
56 0
57 0
58 0
59 0
60 0
61 0
62 0
63 0
64 0
65 0
66 0
67 0
68 0
69 0
70 0
71 0
72 0
73 0
74 0
75 0
76 0
77 0
78 0
79 0
80 0
81 0
82 0
83 0
84 0
85 0
86 0
87 0
88 0
89 5468.9625
90 5444.8925
91 5321.9
92 5251.1975
93 5251.1975
94 5257.4475
95 5257.4475
96 5257.4475
97 5290.200000000001
98 5312.655000000001
99 5406.955
100 5406.955
101 5464.2075
102 5464.2075
103 5464.2075
104 5464.2075
105 5464.2075
106 5464.2075
107 5464.2075
108 5490.202499999999
109 5543.799999999999
110 5838.625
111 5838.625
112 5852.1525
113 5897.92
114 5931
115 5931
116 6040.8225
117 6058.37
118 6058.37
119 11979.49
120 12099.75
121 12130.365
122 12135.7175
123 12137.5
124 12223.25
125 12970.1025
126 13075.1025
127 13182.5025
128 13260.335000000001
129 13307.205
130 13307.205
131 13316.705
132 13504.555
133 13574.205
134 13574.205
135 13587.955
136 13810.76
137 14315.605
138 14692.067500000001
139 14744.407500000001
140 15111.335000000001
141 15197.175000000001
142 15221.9325
143 15267.7
144 15494.235
145 15557.605
146 15557.605
147 15565.7975
148 15614.355
149 15634.3675
150 15823.842499999999
151 15866.8775
152 15894.715
153 15956.5
154 16098.64
155 16162.657500000001
156 16162.657500000001
157 16327.22
158 16408.0125
159 16505.114999999998
160 16555.17
161 16604.16
162 16661.5
163 16661.5
164 16687.68
165 16723.75
166 17663.555
167 18798.989999999998
168 18866.3975
169 19104.4725
170 19364.02
171 19374.52
172 19385.75
173 19385.75
174 19385.75
175 19663.93
176 20765.035
177 21657.5825
178 21869
179 21902.845
180 22189.845
181 22341.845
182 22514.33
183 24424.3325
184 25305.5275
185 25368.1925
186 25368.1925
187 26538.6575
188 28276.9675
189 29136.197500000002
190 29186.252500000002
191 29340.335
192 29570.28
193 29642.5
194 29681.18
195 29760.65
196 30329.5
197 30475.75
198 30475.75
199 30475.75
200 30475.75
201 30610.35
202 30672
203 30697.855
204 30880.4
205 31147
206 31509.52
207 31661.39
208 31824.25
209 32198.0825
210 32330.5825
211 32400.5825
212 32400.5825
213 32400.5825
214 32400.5825
215 32580.5825
216 32580.5825
217 32580.5825
218 32580.5825
219 32438.0825
220 35002.807499999995
221 35788.770000000004
222 35961.375
223 36301.95
224 36467.9
225 36525.05
226 37373.715
227 37519.965
228 38010.84
229 38975.619999999995
230 38975.619999999995
231 40984.85
232 41712.729999999996
233 42162.685
234 42345.229999999996
235 42611.83
236 42911.83
237 42956.83
238 43106.925
239 43985.25
240 44181.817500000005
241 44251.817500000005
242 44282.94
243 44563.4
244 45049.494999999995
245 45429.3875
246 45531.4
247 45726.65
248 45726.65
249 45886.1225
250 47138.9
251 47138.9
252 47138.9
253 48884.5
254 48884.5
255 48884.5
256 48884.5
257 48884.5
258 48884.5
259 48884.5
260 48884.5
261 48884.5
262 48884.5
263 48982.43
264 48982.43
265 48982.43
266 48982.43
267 48982.43
268 49132.525
269 49650.85
270 50202.55
271 50539.917499999996
272 50571.04
273 50851.5
274 51337.595
275 51729.9875
276 52285.05
277 52578.417499999996
278 52866.64
279 53026.1125
280 54278.89
281 54278.89
282 54278.89
283 54249.0875
284 55245.774999999994
285 55783.89
286 55783.89
287 55783.89
288 55783.89
289 55783.89
290 55783.89
291 55783.89
292 55783.89
293 55783.89
294 55052
295 55052
296 54909.5
297 54909.5
298 54909.5
299 54909.5
300 55397.1325
301 55734.5
302 55734.5
303 55734.5
304 55734.5
305 55892
306 55892
307 55892
308 55892
309 55892
310 55892
311 55892
312 55892
313 55892
314 55427
315 55163.5
316 55093.6525
317 53752.707500000004
318 52338.75
319 52089
320 46088.5
321 46088.5
322 46088.5
323 46088.5
324 46088.5
325 46088.5
326 46088.5
327 46088.5
328 46088.5
329 46088.5
330 46088.5
331 46088.5
332 46088.5
333 46088.5
334 46088.5
335 46088.5
336 46088.5
337 46088.5
338 46088.5
339 46088.5
340 46088.5
341 45713.5025
342 45713.5025
343 44084.25
344 44084.25
345 43625
346 43329.125
347 42298.0125
348 41574.5725
349 40771.225
350 40737.917499999996
351 40675
352 40457.5
353 40457.5
354 39610
355 39610
356 39610
357 39610
358 39610
359 39610
360 39610
361 39610
362 39610
363 39610
364 39610
365 39610
366 39610
367 39610
368 39610
369 39610
370 39610
371 39235.0025
372 39235.0025
373 37605.75
374 37605.75
375 37410
376 37183.9725
377 36205.785
378 35742.2925
379 34849.435
380 34165.417499999996
381 34102.5
382 33885
383 33885
384 34003.25
385 34003.25
386 34003.25
387 34003.25
388 34990.75
389 34990.75
390 35078.25
391 35078.25
392 35679.104999999996
393 35744.75
394 35820.25
395 35820.25
396 35820.25
397 35820.25
398 35820.25
399 36216.965
400 36870.75
401 37175.75
402 37747.825
403 37870.75
404 37892.485
405 37892.485
406 38463.75
407 38592.75
408 38592.75
409 38592.75
410 38592.75
411 38592.75
412 38643.9025
413 39819.744999999995
414 40179.100000000006
415 40548.305
416 41032.28
417 41370.945
418 41665.25
419 41902.675
420 41902.675
421 41902.675
422 41902.675
423 41902.675
424 41902.675
425 41902.675
426 41902.675
427 42152.675
428 42782.965
429 43881.1025
430 44404.25
431 44474.25
432 44490.2625
433 44490.2625
434 44490.2625
435 44490.2625
436 44490.2625
437 44490.2625
438 44490.2625
439 44490.2625
440 44490.2625
441 44490.2625
442 44541.415
443 45097.7625
444 45066.08
445 44710.285
446 44822.78
447 45161.445
448 45455.75
449 45693.175
450 45693.175
451 45693.175
452 45693.175
453 45693.175
454 45693.175
455 45693.175
456 45693.175
457 45693.175
458 46260
459 46260
460 47675
461 47675
462 47850
463 47850
464 48080.655
465 48719.520000000004
466 48719.520000000004
467 48719.520000000004
468 49066.270000000004
469 51266.5
470 51266.5
471 51266.5
472 51266.5
473 52043
474 53300
475 53541.3475
476 53568.75
477 53568.75
478 53587.5
479 53587.5
480 53588.47
481 53588.47
482 53588.47
483 53752.542499999996
484 54220.7575
485 55122.75
486 55122.75
487 55122.75
488 55655.6
489 55995.6025
490 56739.25
491 56804.4025
492 56815.417499999996
493 57264.25
494 57631.875
495 57869.75
496 57941.7975
497 58604.5125
498 58612.5
499 58855
e
0 0
1 0
2 0
3 0
4 0
5 0
6 0
7 0
8 0
9 0
10 0
11 0
12 0
13 0
14 0
15 0
16 0
17 0
18 0
19 0
20 0
21 0
22 0
23 0
24 0
25 0
26 0
27 0
28 0
29 0
30 0
31 0
32 0
33 0
34 0
35 0
36 0
37 0
38 0
39 0
40 0
41 0
42 0
43 0
44 0
45 0
46 0
47 0
48 0
49 0
50 0
51 0
52 0
53 0
54 0
55 0
56 0
57 0
58 0
59 0
60 0
61 0
62 0
63 0
64 0
65 0
66 0
67 0
68 0
69 0
70 0
71 0
72 0
73 0
74 0
75 0
76 0
77 0
78 0
79 0
80 0
81 0
82 0
83 0
84 0
85 0
86 0
87 0
88 0
89 0
90 0
91 0
92 0
93 0
94 0
95 0
96 0
97 0
98 0
99 0
100 0
101 0
102 0
103 0
104 0
105 0
106 0
107 0
108 0
109 0
110 0
111 0
112 0
113 0
114 0
115 0
116 0
117 0
118 0
119 0
120 0
121 0
122 0
123 0
124 0
125 0
126 0
127 0
128 0
129 0
130 0
131 0
132 0
133 0
134 0
135 0
136 0
137 0
138 0
139 0
140 0
141 0
142 0
143 0
144 0
145 0
146 0
147 0
148 0
149 0
150 0
151 0
152 0
153 0
154 0
155 0
156 0
157 0
158 0
159 0
160 0
161 0
162 0
163 0
164 0
165 0
166 0
167 0
168 0
169 0
170 0
171 0
172 0
173 0
174 0
175 0
176 0
177 0
178 0
179 19123.5
180 19410.5
181 19562.5
182 19712.5
183 21562.5
184 22314.055
185 22314.055
186 22314.055
187 23460.11
188 25217.915
189 26043.41
190 26043.41
191 26043.41
192 26043.41
193 26043.41
194 26043.41
195 26043.41
196 26043.41
197 26043.41
198 26043.41
199 26043.41
200 26043.41
201 26043.41
202 26070.465
203 26162
204 26162
205 26162
206 26162
207 26162
208 26162
209 26162
210 26162
211 26223.23
212 26233.935
213 26237.5
214 26237.5
215 26240.205
216 26240.205
217 26389.5
218 26500.255
219 26561
220 28983.225
221 29671.095
222 29671.095
223 29939.45
224 30092.9
225 30120.4
226 30526.825
227 30557.695
228 31183.385000000002
229 32252.845
230 32648.41
231 34544.04
232 35232.729999999996
233 35558.9
234 35558.9
235 35620.4
236 35620.4
237 35636.785
238 35733.9
239 35773.925
240 35773.925
241 35773.925
242 35818.895000000004
243 35938.9
244 36223.18
245 36348.51
246 36348.51
247 36528.340000000004
248 36579.17
249 36712.630000000005
250 36812.740000000005
251 36896.72
252 37011.4
253 38757
254 38809.36
255 38854
256 39016
257 39016
258 39016
259 39016
260 39016
261 39016
262 39016
263 39016
264 39016
265 39016
266 39141.04
267 39354.78
268 39680.5
269 39708.165
270 39708.165
271 39708.165
272 39708.165
273 39708.165
274 39708.165
275 39708.165
276 39708.165
277 39708.165
278 39708.165
279 39708.165
280 39708.165
281 39932.35
282 40277.56
283 40422
284 41413.884999999995
285 42066.3
286 43042
287 43334.5
288 43334.5
289 43334.5
290 43334.5
291 43603.7
292 43727
293 43778.71
294 44143.8
295 44677
296 45277
297 45367
298 45367
299 46087
300 46352
301 46492
302 46492
303 46492
304 46492
305 46852
306 46852
307 46852
308 46852
309 46852
310 46852
311 46852
312 46852
313 46852
314 46852
315 46852
316 46852
317 46852
318 46852
319 46852
320 46852
321 46852
322 46852
323 47047.86
324 47047.86
325 47047.86
326 47047.86
327 47047.86
328 47348.05
329 47427
330 47427
331 47427
332 47427
333 47427
334 47427
335 47427
336 47427
337 47427
338 47427
339 47427
340 47427
341 47427
342 47427
343 47427
344 47427
345 47427
346 47427
347 47427
348 47427
349 47427
350 47427
351 47427
352 47427
353 47427
354 46829.5
355 46829.5
356 46829.5
357 46829.5
358 46829.5
359 46829.5
360 46829.5
361 46829.5
362 46829.5
363 46829.5
364 46829.5
365 46829.5
366 46829.5
367 46829.5
368 46829.5
369 46829.5
370 46829.5
371 46829.5
372 46829.5
373 46829.5
374 46829.5
375 46829.5
376 46829.5
377 46829.5
378 46829.5
379 46829.5
380 46829.5
381 46829.5
382 46829.5
383 46829.5
384 46829.5
385 46829.5
386 46829.5
387 46829.5
388 46829.5
389 46829.5
390 46829.5
391 46829.5
392 46829.5
393 46829.5
394 46829.5
395 46829.5
396 46829.5
397 46829.5
398 46829.5
399 46829.5
400 46829.5
401 46829.5
402 46829.5
403 46829.5
404 46829.5
405 46302.5
406 46162.805
407 45655.525
408 44652
409 44152.5
410 44152.5
411 44152.5
412 44152.5
413 44152.5
414 44152.5
415 44152.5
416 44152.5
417 44152.5
418 44152.5
419 44152.5
420 44152.5
421 44152.5
422 44152.5
423 44152.5
424 44152.5
425 44152.5
426 44152.5
427 44152.5
428 44152.5
429 44152.5
430 44152.5
431 43402.505000000005
432 43402.505000000005
433 40862.5
434 40862.5
435 40862.5
436 40862.5
437 40862.5
438 40862.5
439 40862.5
440 40862.5
441 40862.5
442 40862.5
443 40862.5
444 40862.5
445 40862.5
446 40862.5
447 40862.5
448 40862.5
449 40862.5
450 40862.5
451 40862.5
452 40862.5
453 40862.5
454 40862.5
455 40862.5
456 40862.5
457 40862.5
458 40862.5
459 40862.5
460 42277.5
461 42277.5
462 42452.5
463 42452.5
464 42683.155
465 43322.020000000004
466 43322.020000000004
467 43322.020000000004
468 43668.770000000004
469 45869
470 45869
471 45869
472 45869
473 46645.5
474 48139
475 48139
476 48139
477 48139
478 48139
479 48139
480 48139
481 48139
482 48139
483 48139
484 48139
485 48139
486 48139
487 48139
488 48139
489 48139
490 48139
491 48139
492 48139
493 48533.5
494 48901.125
495 49139
496 49139
497 49139
498 49139
499 49139
e